,image,precision,recall,IOU
0,01174ba8-8544-4c99-82ae-3c551808f686,1.0,1.0,1.0
1,017ec468-cc77-42d7-bc47-da1a978ecd32,0.8870140430988647,0.8425537603794792,0.7608927006385376
2,01a64a17-2f19-48af-a205-7f6e2b97c75f,1.0,1.0,1.0
3,01aa897a-9d5a-412e-b04e-3416f3436130,1.0,0.9998393789318699,0.9998393789318699
4,03cc1b9d-2496-4d4e-a912-ce52272bdcd3,1.0,0.7569335575634923,0.7569335575634923
5,03ec0f32-17b4-450c-8d70-698a7e0346fd,1.0,1.0,1.0
6,04f7c089-314e-4e9e-89dc-30db1731c700,1.0,1.0,1.0
7,075b0cbb-99f1-473f-ba04-97132aab0d49,1.0,1.0,1.0
8,075d44c6-49c1-48ab-a77c-0db3fdb80973,1.0,1.0,1.0
9,07aaa697-9563-439f-99b7-69af47771f2f,1.0,0.8728838776609862,0.8728838776609862
10,081ebba5-fa00-4fc6-83e1-5551c90d56cf,1.0,1.0,1.0
11,0846bff4-1ca4-4307-b494-f79e0df719ed,0.8579300246609125,0.6715630089883574,0.6043538449010614
12,08c79ae2-1fc2-4dba-a278-ae2980a81b64,1.0,1.0,1.0
13,0909abdd-9b61-45c9-b9ca-6b35183b848a,1.0,0.9586468125032579,0.9586468125032579
14,09164208-2249-4e16-aef4-4058bf19b8ee,0.9252019513514123,0.8386466457197908,0.7853963962815134
15,0a1c697f-817c-46b7-8a0e-ed34e05b85ea,1.0,0.9618863276438501,0.9618863276438501
16,0a5c2a82-82d2-40a2-a561-38f4fd8df22b,0.8155339805825242,0.09857915252106124,0.09642901070066828
17,0cb025e9-b108-439a-aa4e-a9322d446cf7,0.9406287523962671,0.8757109423009035,0.8298424616375812
18,0cc8aef3-07b3-4d75-a440-c6ea647ab3bb,0.72156192998966,0.5864185291146172,0.47820596727622716
19,0d037949-cced-45ce-98e1-4a5b2eb4e53a,0.9667938651207162,0.9060523845384115,0.8787071343055616
20,0d04ed22-d573-46fe-bb17-f28b45f852c0,0.9561598110414454,0.8977891405293433,0.8622937846003647
21,0d0b54b0-1236-4fb5-9907-aba7fd73d61d,1.0,1.0,1.0
22,0db5b8ac-0ef3-491d-9797-f9376c883b6b,1.0,0.8353632287337186,0.8353632287337186
23,0dc03eab-8426-49b8-9e54-7c6ad30978ef,1.0,1.0,1.0
24,0e66f0be-337f-4789-80b3-73e7924675c5,1.0,1.0,1.0
25,0e969251-7f84-47bf-846c-63c8373cdbd9,1.0,1.0,1.0
26,0f683a2e-11ca-4c63-ae3d-2fed97c3a412,1.0,0.8534369796746766,0.8534369796746766
27,112da14b-e403-4696-b96d-b4622225c4ee,0.9825948593332104,0.9003467458966105,0.88621320224052
28,118c8e84-460b-4fac-8fd4-d696c3b8d1d9,1.0,0.9937488942619567,0.9937488942619567
29,11af2b8e-2e30-4832-8135-caa2364f6d1c,0.9945670496599562,0.8918871019307488,0.887562853170843
30,1214f4de-8399-48ea-a2f6-6e31843bc3da,1.0,1.0,1.0
31,12ca77c4-a0b8-4939-8238-0acc68860c7e,1.0,1.0,1.0
32,13889795-fad8-4aad-9a56-99a3ac1e8470,0.9381292637977303,0.9485845802779512,0.8927348415621337
33,1441cc1c-2706-4d67-9ccf-0e9e21da73c5,1.0,1.0,1.0
34,144331d1-3514-44c3-970b-5e9d8323d17d,1.0,1.0,1.0
35,146da3d7-a058-4449-a0bc-b81caa59cee4,0.9114425241652759,0.5911588964966128,0.559048220996297
36,147ee0b8-ddb0-4991-9fea-4ccdf7e84f74,1.0,0.9936729403912353,0.9936729403912353
37,148cdf0b-3d87-4ccc-a24c-00002b52e8a4,1.0,0.7433941926481554,0.7433941926481554
38,15095922-6448-4246-8a0e-8bc05801111b,1.0,1.0,1.0
39,16720016-32c4-4e42-aeee-3154459772f9,0.8385014953565245,0.7293014340965877,0.6394766063443474
40,17a0222a-58f6-4889-be75-2048477acceb,1.0,0.8953594791868607,0.8953594791868607
41,17ed993c-e77d-40bf-aeaf-4a762077d3d1,0.859164227082257,0.2567214098880837,0.24635426953716505
42,18039481-8de8-48fe-973f-5405f5a348d7,1.0,1.0,1.0
43,18469c02-9308-4ac9-95c0-7bbed2fa5d9b,0.8634417102443025,0.8458805112191566,0.7460705349478567
44,186e8409-96d5-42ab-b088-8fe532c5585e,1.0,1.0,1.0
45,18c1712e-f83d-44e7-9c4c-249c8d06d564,1.0,1.0,1.0
46,1a694598-ab89-4978-a752-2ddcd452a60c,0.8722995396900874,0.9540616907313778,0.837138515532012
47,1ac3fe23-5c09-470f-ad7b-2574f6807737,1.0,1.0,1.0
48,1b7958e1-14ee-4ab9-a611-15c818129409,1.0,1.0,1.0
49,1babb9bb-1888-44c8-9342-f2d02c4fca63,0.9248865215861548,0.9532010684589204,0.884712789992469
50,1bd8a36c-f71d-457d-ba93-33c8c21bd926,0.8885664813633464,0.9709847036328871,0.8655831312209482
51,1c0c56c3-1f4e-4e4a-bfe3-915984b21f69,1.0,1.0,1.0
52,1c73e321-8d55-4e18-8695-4343ebb7ff00,1.0,1.0,1.0
53,1d22c491-6d14-41ec-a61b-1e10dc9c1eee,1.0,1.0,1.0
54,1df87a0e-0790-4fcf-a884-a42a4718b742,1.0,1.0,1.0
55,1e263b4f-de16-4955-ae24-95c74e7337e6,1.0,1.0,1.0
56,1ef2a1f5-9da5-44cf-9a4f-6cc85234d295,1.0,1.0,1.0
57,1ef657fa-8875-4824-9f3c-d11fc0e7a23c,1.0,1.0,1.0
58,1efd9a55-575f-404e-bf3c-1390f94b9ef4,0.809850470875161,0.6792048109702379,0.5857867751995348
59,1fa86ed0-730e-441a-aaf7-7daac51d008b,1.0,1.0,1.0
60,20072ab2-d649-4813-8838-7d1eae2dcba3,1.0,1.0,1.0
61,20a078b1-aed8-4b9a-9747-88564ccb5e00,1.0,1.0,1.0
62,2127a492-6b53-4fc7-bda4-b73c226bf98c,1.0,1.0,1.0
63,215a7a17-f06e-4e46-bdf8-d9e466bd7d3b,1.0,1.0,1.0
64,224bd4ca-5b06-40f5-83eb-135f40843a4c,1.0,1.0,1.0
65,2270ce2e-9b2b-4923-b2d2-fdd1f7058547,1.0,1.0,1.0
66,2292072c-c49c-4bc5-b1e9-131150ff9bcd,1.0,1.0,1.0
67,23411ffe-7bd7-494e-9e82-a5f3524a2de2,1.0,1.0,1.0
68,239e9ecd-228a-480b-ab50-5b45b03b6b0b,1.0,1.0,1.0
69,24f96ca7-fd85-43e2-ba0c-5920cd416041,1.0,1.0,1.0
70,25f066f8-09ff-47b1-8acd-423fb01c6d19,0.8240741303357132,0.8182470874284301,0.6965690806368773
71,27bdf351-2203-4640-91dd-bdc0cbcdbff4,1.0,1.0,1.0
72,28218009-0a33-4840-9fe6-d762b1e1c939,1.0,1.0,1.0
73,28364870-58a5-45e0-9eae-26a078730f07,0.8980590072459583,0.9264546821148346,0.8382959135432823
74,2839c2e9-cf9f-4f6c-b0a1-8a1ba463e30b,1.0,1.0,1.0
75,2a35c1c7-a3fd-43de-8df0-a2f6ba06321f,1.0,1.0,1.0
76,2ae69c8e-57a8-468a-b226-3190de2d0cdd,0.8796515062020083,0.9226925146332317,0.8192702188185391
77,2bc4eee0-d3f5-475c-8ce7-2ae82165277a,1.0,1.0,1.0
78,2c84d06f-86d6-4ddf-a4b2-2243bbf37d11,1.0,1.0,1.0
79,2d718889-966b-4ca2-ba7a-5bf6c60c98eb,0.8815948383504665,0.8936126949348073,0.797854761022601
80,2d9eefa4-efcc-4d89-b29f-afbd07faaabc,1.0,1.0,1.0
81,2e5ae928-8e0a-49f4-b9de-607b8d28751e,1.0,1.0,1.0
82,2e749c06-70cd-4f83-ac9f-82113fdf2d05,1.0,1.0,1.0
83,2e8a8639-8ed8-44d4-a203-07e2518d658d,1.0,1.0,1.0
84,2eaf1c68-cb1d-430a-86ba-fd9a17705ce6,1.0,1.0,1.0
85,2f53db6f-d920-4c4f-ac94-a03f770baf77,1.0,1.0,1.0
86,2f8e9a77-7d19-4b85-9eea-7f1504532521,0.9045928619270883,0.8084505958260111,0.7449324124671518
87,2fa5ad4b-f7b8-4f0c-bb86-60021e62ff6d,1.0,1.0,1.0
88,3011561f-791e-478d-9d70-93846ebdd949,0.9004003592481089,0.9681061948106263,0.8744609884642317
89,306c3e5e-3360-44e7-96dd-44d1f512007a,1.0,1.0,1.0
90,30ccd77d-6856-46a6-8c53-cffce29a280f,1.0,1.0,1.0
91,31b20688-6e68-4482-bac9-caa9367f6a57,1.0,1.0,1.0
92,320ef9c5-2e01-4951-a8be-bb555f9d23a7,0.8551862882905907,0.9643952438312432,0.8290120221703432
93,325a755d-7d69-442d-b251-5e805cdcdfce,1.0,1.0,1.0
94,328ddff0-adf1-4bb7-ac34-57c85bbe2c87,1.0,1.0,1.0
95,32c89843-350a-48a5-b594-f93659fa61e0,1.0,1.0,1.0
96,3340855c-41c6-4ef5-acc0-5f3245a4a25a,1.0,1.0,1.0
97,34141d99-ba99-4127-aa62-7d3b96baf647,1.0,1.0,1.0
98,341e3301-7acf-46bd-81db-026d7f1272cd,0.8596148459135442,0.9483472205922623,0.821167870849296
99,346a8184-19a4-4817-bc23-ae98856618ee,1.0,1.0,1.0
100,348f749c-7dfd-44e7-9b43-1ad18a8a9ab4,1.0,1.0,1.0
101,3551afb6-ab63-4d82-8d89-440bb20fe80c,1.0,1.0,1.0
102,355dd51b-6b8f-4700-8434-2562c6adc66a,1.0,1.0,1.0
103,356edc4c-dc4e-49fd-aff1-72cc00ed3662,1.0,1.0,1.0
104,35d13adc-755e-45ee-bcc2-da84ac9438f2,0.9038837610266182,0.7722524303839182,0.713648365101456
105,36799174-b168-4a82-bff3-dec47b656f86,0.822007211655279,0.8590880464813911,0.7243440688925716
106,36ad3a55-bf57-4950-9374-b8ae6328e38e,1.0,1.0,1.0
107,36bb2c4a-99cd-4422-923c-46b30b4d3335,0.8626553470055746,0.9722182195452318,0.8419016720738707
108,36c4d47a-64d6-4f65-b0cf-05214838dcef,1.0,1.0,1.0
109,3883e496-b008-499d-a103-64baccd60bdc,1.0,1.0,1.0
110,396b796a-7986-471e-b8e7-5889bce17baf,1.0,1.0,1.0
111,3a2e7c55-4b56-43d5-9dec-23bc7e371d8e,1.0,1.0,1.0
112,3b4505ef-2292-4641-a7d1-0d50ffebd70d,0.9151379732403979,0.9147787043954201,0.843247136532921
113,3bc9a22e-2da9-4310-9289-00baa70b2b13,1.0,1.0,1.0
114,3c18a3f6-6177-4478-8c5a-41e5adb3624e,1.0,1.0,1.0
115,3c69b800-9b71-42c3-bca2-9131862481fd,1.0,1.0,1.0
116,3cd36391-6fb7-4d89-a90c-abe39b6fc82d,0.8490978319180394,0.5894096276112625,0.5335229748505751
117,3d6026ba-58d8-48d6-b4ca-a62f146a5766,1.0,1.0,1.0
118,3d7474bd-9efc-4219-835f-111f8c8c216f,1.0,1.0,1.0
119,3dca7953-6d9c-4945-8e72-b1071e7ff0c4,1.0,1.0,1.0
120,3e1e9bb3-3a7c-4f3d-91c6-c30b3f5cc59d,1.0,1.0,1.0
121,3e6b91b2-0063-4193-a99f-227615dea01d,1.0,1.0,1.0
122,3f1c4b15-2847-49c5-8eb8-eaae0bbd3bc9,1.0,1.0,1.0
123,4083b487-810a-49b7-b613-0a87b9b9224d,0.8861413836141144,0.8369117514226357,0.7556538759531868
124,410b44bf-ba2f-4f19-a4af-dc8b3cf96b71,0.8255046803935814,0.8260423758015851,0.7032488184976227
125,422496be-fd78-4429-a0b4-c582a7bf1a60,1.0,1.0,1.0
126,42846907-9485-427a-8651-f028ea77e696,1.0,1.0,1.0
127,43055785-40ff-47a0-a454-b62e81a7e94f,1.0,1.0,1.0
128,4335ec7f-d0d5-4285-b86c-6a437672bb1c,0.905762063607619,0.904657859323677,0.8268337438627233
129,433d8f9f-290f-4691-b82c-6f5a5937ebcb,0.9398366488185999,0.9316292058036674,0.8791957687558741
130,44097842-589e-4099-b4eb-bbd9756f2b79,1.0,1.0,1.0
131,4470bf74-d682-4dd2-9d0b-ef86648aceb2,0.8428482495151849,0.9334596516986018,0.7950789197958563
132,449b1dc0-9ea3-43dd-8f43-b129afca2871,1.0,1.0,1.0
133,45de784b-0244-4f38-ba81-3a2d81f7899f,0.8761408083441982,0.7188934176321448,0.652572904629189
134,46813753-1eda-4ec0-a8cd-20d5bd5b60f3,0.9371910221846883,0.9628422120479998,0.9044779862384602
135,4694a332-62e6-448e-9762-5216d652a837,0.9017413592106813,0.9099169996925914,0.8278373389517648
136,46bbf338-415a-45fd-8a5d-86f83a0db076,1.0,1.0,1.0
137,4708b1de-e55d-44af-86db-0fdf201c87d0,1.0,1.0,1.0
138,4729b6b4-ab11-443a-a44a-aae9522c7b2c,1.0,1.0,1.0
139,477326b0-a0c5-407a-8db4-bb109586ef7e,1.0,1.0,1.0
140,4798cdf9-2550-4e87-8712-87eb556a00bb,1.0,1.0,1.0
141,48960611-8a87-4f36-ad64-4c54369ce143,1.0,1.0,1.0
142,498950dc-dfc3-48e4-aadf-b1badb2a2ef2,1.0,1.0,1.0
143,4c0c9324-dbab-43ef-a548-d704e8bca821,1.0,1.0,1.0
144,4ca8417d-beb6-477c-8a64-1402f7f46829,1.0,1.0,1.0
145,4ccdce62-d9bc-4597-8303-652bae235775,1.0,1.0,1.0
146,4de50249-077c-442b-a18a-86575fec4333,1.0,1.0,1.0
147,4e2c6cee-4a1b-488f-b2de-c5f182074cd9,1.0,1.0,1.0
148,4ef2cbd2-0dee-49d3-917b-0c49edc4752a,1.0,1.0,1.0
149,4f758ca7-d57e-4db3-bdcc-c75b3f11343b,1.0,1.0,1.0
150,4f7a708b-d9f2-4cf4-bff8-761d6eae4eb0,1.0,1.0,1.0
151,4fa099f7-e91c-4014-8b4b-cac5293049c3,1.0,1.0,1.0
152,4fc76e23-8584-462c-8e3b-bfd0a4639202,0.9723443394755713,0.8099989239691439,0.7917582457438397
153,510d6fe9-7d7f-4e5c-83ab-9f52646a04f8,0.8299832695037148,0.6000114642744547,0.5343369219538839
154,5131013c-1f9c-4f6f-aabf-5dcf7e76bc1b,1.0,1.0,1.0
155,51cc739c-e80a-4bd1-9d5e-024c519a930a,1.0,1.0,1.0
156,520638e1-5d0f-4041-af5d-f9562e920aa4,1.0,1.0,1.0
157,52a526cf-e06c-42df-b32a-5921d00a08d3,1.0,1.0,1.0
158,52f56649-d196-4964-9332-e539c53c926c,1.0,1.0,1.0
159,5367b100-9fa4-44b2-bd21-f8eb49056922,1.0,1.0,1.0
160,537eb21e-a752-4126-b82e-e56869699939,1.0,1.0,1.0
161,53aa1cd2-6b33-455a-ab94-4a7f06dd0032,1.0,1.0,1.0
162,5403abe1-8b69-48c4-956c-748f24ada4f5,1.0,1.0,1.0
163,544eb6a9-0197-4b24-9462-8af8b83b8cdf,1.0,1.0,1.0
164,54bc3493-592c-4bec-98f0-6dc58d681ef4,1.0,1.0,1.0
165,54d5786d-5128-4a3f-93a6-7548893cadd4,1.0,1.0,1.0
166,54e15082-0d01-4577-b266-ea662e079d5e,1.0,1.0,1.0
167,550f96d6-0037-4093-be93-e38e7f43e89f,1.0,1.0,1.0
168,55b25d7c-93d9-4778-89ad-5fc9e0c7f052,1.0,1.0,1.0
169,56b89c62-0c76-4081-b909-9aba4f0442be,0.946235854128693,0.9405132750283487,0.8928027912846591
170,5715e165-56c5-4b25-b347-3daefbe858cd,1.0,1.0,1.0
171,578542fa-de7f-411d-bbd3-4c0953a602a5,1.0,1.0,1.0
172,57c75bbf-2b14-4e66-854c-8d21d2770aea,1.0,1.0,1.0
173,58b784a1-111d-4523-9289-72732e5f4968,1.0,1.0,1.0
174,58fe6549-67c0-40de-917b-5ebf7df315d0,0.9009501265739553,0.9637658478257047,0.8714325236188798
175,59a6d608-0164-4a05-b823-5d17c4fce868,1.0,1.0,1.0
176,5b5b6567-ffb9-4ce8-8061-91d9426f7ae2,1.0,1.0,1.0
177,5b92911a-625f-4535-b516-80f8b35eb598,1.0,1.0,1.0
178,5bb8b31c-0a9c-4547-aeb9-90f223d51e8e,1.0,1.0,1.0
179,5bba9d0f-4d9d-4003-8c04-239e19595ae2,1.0,1.0,1.0
180,5bbb662e-d795-4466-9470-85d6fcb0e758,1.0,1.0,1.0
181,5c3121bd-513d-4474-8b14-0a94c3468185,1.0,1.0,1.0
182,5c93d329-8be8-4bde-8439-184e0a7e721c,0.9564046035423361,0.9560295078905593,0.9161071183140533
183,5d3027e5-1726-40fe-b058-d3c4145cab86,1.0,1.0,1.0
184,5e198b6e-9a57-4551-abdd-518ed668a990,1.0,1.0,1.0
185,5e1f61ac-4053-496e-829e-ce823722a4be,0.9850011680078619,0.673546389935444,0.6667084673681914
186,5e718bac-9144-4d92-bbb7-bb3c861a9af0,1.0,1.0,1.0
187,5e806d84-13ea-4c7e-8321-ce3a33a631e8,1.0,1.0,1.0
188,5e9543b3-7ca6-4cef-9bbf-90708afc8253,1.0,1.0,1.0
189,5e95ab30-2ae8-4afc-a1ca-5e02128c566f,0.9590039735099338,0.8950060981639582,0.8620248462586158
190,61e45c3f-15da-4cca-a35e-654392d0024f,1.0,1.0,1.0
191,61f926fc-ca60-4b14-a6ff-0d6eb857fa37,1.0,1.0,1.0
192,62ea79a7-9e18-4ca2-83fe-59c3b3526daf,1.0,1.0,1.0
193,6408f45d-ace9-4735-b27d-610cd37b0e2a,1.0,1.0,1.0
194,659ad140-13a6-4d3b-a177-64a9125c74b9,0.9518166445466978,0.9254102843743143,0.8839979852396908
195,6643e105-843a-4a4d-a2a9-5700d3fbb748,1.0,1.0,1.0
196,6677741e-f6e1-41fc-8ac7-c57f2030dbf3,1.0,1.0,1.0
197,66aff59d-189c-4590-b300-2a6069265e10,0.963428114803223,0.9879542754127915,0.9522424210512459
198,673f5994-5148-429c-a6a0-a7080b018000,0.8587912317618696,0.8538650187743339,0.7487424975092946
199,677b6249-b31c-4bc1-af73-d7e851f5323c,1.0,1.0,1.0
200,67e21641-6424-4f16-986a-45a45de788bf,1.0,1.0,1.0
201,6826ab88-5239-427e-8a4d-ccef09e3cb1b,1.0,1.0,1.0
202,69010dc4-bde8-4fc3-ba8e-090ed43db971,1.0,1.0,1.0
203,693375b9-5ebf-4fc5-929d-531b60a10016,1.0,1.0,1.0
204,697abd9e-1754-4592-8dd6-0457a5a80500,1.0,1.0,1.0
205,6a081220-1963-482c-8365-093a2a76e8d7,1.0,1.0,1.0
206,6a326524-09b4-40fa-894b-bc8ae2939be1,1.0,1.0,1.0
207,6a7a70c1-db4a-4840-924d-cc1fd9f2e658,1.0,1.0,1.0
208,6aa585b0-cef0-477d-899d-5d30dce48238,1.0,1.0,1.0
209,6b168564-c7ff-4eca-bffe-89ae4bb8b3e2,0.6440282652872714,0.9987394446394167,0.6435051869900691
210,6bbad7f7-950d-4a1a-9160-4bd5a075b015,1.0,1.0,1.0
211,6c150641-54f1-42e2-96f8-2692a255c442,1.0,1.0,1.0
212,6c7b24f2-1033-49f3-aefe-d17c53242900,1.0,1.0,1.0
213,6c95d7b4-aca5-4277-bcbc-ecc747c742c6,1.0,1.0,1.0
214,6dae6a5c-4fee-433f-a1b1-d246f7a1f842,1.0,1.0,1.0
215,6f1746d0-0dbd-454e-bb4c-890098e209f8,1.0,1.0,1.0
216,6f3f7e0a-7306-4bad-b4e4-3af6f629b9e3,1.0,1.0,1.0
217,6f5bef19-7991-43de-aa41-326bb5a6c530,0.9411305518169583,0.9080490049123641,0.8592438376171301
218,6f76aa15-9eaa-40ff-b569-9ec5fac491c8,0.9465194150688374,0.7360068025055191,0.7066211666396236
219,700e67e4-ee2e-481d-af93-54127ae212a2,1.0,1.0,1.0
220,71097b02-237c-4d96-8ddd-bffca30b468b,1.0,1.0,1.0
221,72f1a9fd-0a26-4c7b-bf87-5bf7274d2b4d,1.0,1.0,1.0
222,73157b5f-c67c-4b6a-b605-b450842ab61b,0.8913115924779814,0.7917551234447818,0.7220431019854064
223,7341af9b-c885-4aad-96ee-b2e353f76db0,0.9257703448366253,0.6449988357174492,0.6132817587455394
224,743ea486-2bfa-40b3-a789-b9bd01c66c33,0.8026395342811242,0.9759622251535444,0.787079856488022
225,74b2e6a9-789e-45a9-93e4-6acc44176389,1.0,1.0,1.0
226,768f8681-05a7-4867-944f-8081c7b6b499,1.0,1.0,1.0
227,77168407-bcef-45b0-a1bb-a66649d07b16,1.0,1.0,1.0
228,7779cc88-cbe3-44d6-962b-b9f0cbba91a4,1.0,1.0,1.0
229,77a08f77-5323-43f7-81d6-0e310cd8f9d8,1.0,1.0,1.0
230,7807a081-2ace-4931-ae3d-c894f6c6c855,1.0,1.0,1.0
231,781b668f-0a7c-46ba-9987-1660ea1b5c0d,1.0,1.0,1.0
232,78dcce34-6563-4082-b4e1-c6f3656c9bfc,1.0,1.0,1.0
233,791f7e70-cc2d-4cd0-a879-8cd1855214a5,0.974049549119184,0.8766594127646627,0.8566516281655183
234,799d06fb-71d6-452b-98dc-4fa9d0b83d49,1.0,1.0,1.0
235,79af7c01-1fab-406d-9cef-4897e5ee085a,1.0,1.0,1.0
236,79bd4120-c16a-4309-808f-2a6528a5a375,1.0,1.0,1.0
237,7ac03dc4-9fc1-4bd8-9b18-5b5d8bae590e,1.0,1.0,1.0
238,7ac2bf01-f0a6-435f-bc4e-9382943dbff9,0.9026654632699433,0.891358091041006,0.813197409548714
239,7bbaba99-59b2-41d1-b655-40d6e79b75d7,1.0,1.0,1.0
240,7d408a1c-dde4-4d8f-8cee-1636cac56302,1.0,1.0,1.0
241,7d5fa62f-4789-4dc2-9c3c-b873f6276988,1.0,1.0,1.0
242,7e879ad9-237c-4d15-8048-dee01a33b4ab,1.0,1.0,1.0
243,7f883e9a-6f21-453a-919b-0e54fb884c80,1.0,1.0,1.0
244,7fb46d2a-85ed-4efc-b810-7832c56e998c,1.0,1.0,1.0
245,7fcc03d5-adfa-42b5-abdb-c2758158b693,1.0,1.0,1.0
246,83403712-23b6-4176-899e-374eca1d6ba3,1.0,1.0,1.0
247,836bd94d-d566-4761-94a9-8597b3d08a3c,1.0,1.0,1.0
248,83d69d4f-5382-467b-bb67-adf0987a4398,0.8286790645337875,0.8710292249047014,0.7381125712331503
249,843ad42a-80df-4604-af1c-ea97c77b6fb2,1.0,1.0,1.0
250,84e454a8-0100-4acd-9826-5d25f759aae1,1.0,1.0,1.0
251,85361565-5093-4102-be1d-80e6a9826d9b,0.834329752704374,0.8392657300868129,0.7193806752037253
252,85796fda-0db4-4f67-b43b-a65b923432d1,1.0,1.0,1.0
253,8601fade-48af-405e-8734-f8ae41a572dd,1.0,1.0,1.0
254,862d30f6-6d8d-48a4-bbca-e39252ec4a61,1.0,1.0,1.0
255,864a77e5-68df-434f-a6cb-176ed92ccef0,1.0,1.0,1.0
256,87df08fa-a9c4-46fa-9ba5-13285aad2f04,0.7870218025779461,0.9495259327976698,0.7554182637748097
257,895263ee-ecd6-4994-abfe-e0701571897e,0.9021483989382317,0.9010217346849347,0.820804960563652
258,8a92f8e6-1c4a-4403-958d-b84c553c3955,1.0,1.0,1.0
259,8ac7f50b-2aef-4ecb-bc6d-5378fe1667d7,1.0,1.0,1.0
260,8b5c779a-2d94-4d5e-9181-483629b82c2d,1.0,1.0,1.0
261,8b9683f5-bbda-410d-8701-c3498eb6e6e9,1.0,1.0,1.0
262,8ca42ac8-bc78-4f6c-b561-8d6c6dd07ae5,1.0,1.0,1.0
263,8cc1715c-96fc-4d8a-ab6b-1cbcb37e5b04,0.9384762424904424,0.8899217981252265,0.8408651611166842
264,8d9b2a72-239d-4b09-b427-d3f08492fd62,0.9515141030303245,0.8914763555532033,0.8527393250961097
265,8f2ecc2c-05f2-49fa-88d1-ea80494f4998,1.0,1.0,1.0
266,8f729d7d-6fc0-442a-be71-ea0e6895d166,1.0,1.0,1.0
267,90fba977-325d-40fb-8391-0237894cd33f,1.0,1.0,1.0
268,915cc4a0-ce02-4151-9d5e-efa3e3b5d116,1.0,1.0,1.0
269,91854594-4517-4ca2-a573-d9bbeba652ee,0.9616591396776286,0.9938947538077202,0.9560117574833032
270,91cfb18b-5e9d-4fa3-a015-c1aac7756090,1.0,1.0,1.0
271,9231a977-091c-4880-9a1a-88d1fecbec6d,1.0,1.0,1.0
272,923293b0-74f0-406f-a258-d2f28e7ec7fa,1.0,1.0,1.0
273,92c94cff-64fa-432b-b675-1aa42f46e95f,0.9078990733201504,0.9095963446196278,0.832755416855601
274,9305d528-4402-4da6-8f26-a8b6267d5620,1.0,1.0,1.0
275,932a017d-43bf-4dad-add0-1f55f635e54a,1.0,1.0,1.0
276,932fd9be-e46f-40e5-96cf-1ca31d2631bd,1.0,1.0,1.0
277,93b50391-b9f3-4dd2-b61f-4990e29ac3d6,1.0,1.0,1.0
278,944b2397-06c3-4e7d-8190-f25694104043,1.0,1.0,1.0
279,94681e2c-b9dc-4762-a911-b3f36cd3caef,1.0,1.0,1.0
280,9469dd00-5b4b-4d12-be11-988d05ad03e1,1.0,1.0,1.0
281,947e3728-3317-4fa2-9014-3ca8dc7d16c9,1.0,1.0,1.0
282,948bc2a5-abbc-45ae-99d4-e8d499b84621,0.8957334510000254,0.8326096473065865,0.759044071647887
283,956a0e73-63ad-46d8-9ddf-021413623577,1.0,1.0,1.0
284,9735422e-11e4-48b7-868c-8742174f061c,1.0,1.0,1.0
285,978bd2af-fcb6-4f36-ba70-72c0ecd97137,1.0,1.0,1.0
286,985e405c-9f6c-4a66-aff0-02d05a67f916,1.0,1.0,1.0
287,99ede30d-0295-478e-a43c-e07dc1c732cc,1.0,1.0,1.0
288,9c915ae2-6cd7-4df2-8fc0-5b9fd3f6b331,1.0,1.0,1.0
289,9d142e8e-3d1a-4802-9490-f9e64a2b0922,1.0,1.0,1.0
290,9d94d44a-1dc1-4ca2-b5a9-bd79af0f7856,1.0,1.0,1.0
291,9eda2837-151b-41af-a33b-61ff531ffdc2,1.0,1.0,1.0
292,9f0aec9e-a453-4ee4-ba7e-23f9f18b177a,1.0,1.0,1.0
293,9f872eb7-4761-40b5-b1a6-1e357b71d39a,1.0,1.0,1.0
294,9fa10c1a-1a63-4ba9-8db5-bd6e42981e63,0.9053162307164078,0.9604196452571749,0.8727542419382817
295,9fe70641-0758-432f-a534-60e8ee80f85d,0.909182408927639,0.99061340169089,0.9014167079860169
296,9ffc1dbf-b7f9-4efa-b0a8-542af4a2b614,1.0,1.0,1.0
297,a0096fc5-2eb7-46b9-90fb-21971bc7b5d7,0.939284139704275,0.9164735694842588,0.8652169313252724
298,a0289f02-51dd-42ea-bda1-d2887bc54ddd,1.0,1.0,1.0
299,a0515741-01e6-47a3-8d7b-c6ef48981d37,1.0,1.0,1.0
300,a14844d4-fd98-4506-b1af-80c9c3be6b71,1.0,1.0,1.0
301,a14a8d7d-b399-4bbd-9190-e97886e441b4,1.0,1.0,1.0
302,a1eeeb27-bd6f-4da8-aa82-232c950c6cf7,1.0,1.0,1.0
303,a258b26d-b99b-473c-837d-70fda6ca7e81,1.0,1.0,1.0
304,a2694811-2799-4ce1-be48-ae79e77ddcde,0.8467257135642766,0.901487892135575,0.7750152226958172
305,a2d86ac4-07aa-4b09-b979-217b065a55f4,1.0,1.0,1.0
306,a31e44a4-3677-4ed1-8542-3906042bda88,1.0,1.0,1.0
307,a331e623-fa9a-40c8-bbd7-86b9627e10db,0.7386586284853052,0.5134984109244578,0.43455002216639577
308,a386862c-4edf-4314-a4ce-a948e1e9d636,1.0,1.0,1.0
309,a3ad8469-e15b-4032-b7d3-eda59653ca4b,0.9611934532770541,0.8115733479151377,0.7858250894059727
310,a3f7f558-1d8f-466b-913f-c76e7791066a,1.0,1.0,1.0
311,a4421eeb-2e66-4692-bc03-ddf6207ebd75,1.0,1.0,1.0
312,a535efd1-6569-447d-a14c-ff0468a366d5,1.0,1.0,1.0
313,a5bef112-585e-40e5-8dd7-a620a8a548f7,1.0,1.0,1.0
314,a6da493e-84ea-463a-a49e-1bea67427957,1.0,1.0,1.0
315,a7b128c6-300b-4585-bf12-1a601ed42c02,1.0,1.0,1.0
316,a880180e-6c93-495e-9b91-bdb1bcf59abb,1.0,1.0,1.0
317,a8de63d8-aeaa-4091-a05d-8021d41a7257,1.0,1.0,1.0
318,a938ddc0-d6b4-4ff7-87b9-405df9976b36,1.0,1.0,1.0
319,aa013172-865b-4942-82fb-59dd632a2be1,0.8751796414734383,0.9733061659391912,0.8546654301026732
320,aa144804-2cf6-4116-99dd-82c5a7108275,1.0,1.0,1.0
321,aa2b31fa-1e95-42b3-8f14-27f8bb032298,1.0,1.0,1.0
322,aa768797-bb18-44fb-8514-11d0ac273109,0.974179535717844,0.8547182478076616,0.8357842550645355
323,aa7e2854-bb60-4a9a-8614-bc14b4f01267,1.0,1.0,1.0
324,aa9c0cc8-c1f8-4cb8-a83d-1cdebc291f1a,0.8533417435879213,0.8432729028576446,0.7365293337320666
325,ab355d07-5db8-4f73-b9ec-e9e49ef44044,1.0,1.0,1.0
326,ab35c9da-d159-4526-932d-da0b97a64886,0.7818665294218562,0.9868526346510511,0.7738062282459851
327,abb40c6e-83f4-4ea9-93b5-733d4d6cde7b,1.0,1.0,1.0
328,ac0231bf-30e4-4684-b2f7-ac2488455ea6,1.0,1.0,1.0
329,ac5ee7eb-1b92-41a9-97a0-023078f21c95,1.0,1.0,1.0
330,aca230ad-3d5e-4712-912f-366acc0fe7c9,1.0,1.0,1.0
331,ad2a8bff-e34e-4505-b6e2-b0ac1e4e4ca9,0.8477896491343065,0.6628158950481713,0.5923284767518695
332,ad823278-2819-4c36-8ace-713173012c71,0.8513513027658832,0.9495689136624293,0.8145228144402593
333,adb893d7-2fcd-4dc8-9c5f-b0eb70b54b9e,1.0,1.0,1.0
334,adbd165e-bb6c-4a33-9403-59c058be9ca6,1.0,1.0,1.0
335,ade45978-71dd-480c-8410-ea13112816f8,0.933429473301954,0.9127982216819583,0.8570077518385771
336,ae6d0fae-d2ba-4dbb-b226-c47af63d27f9,0.9441198774297388,0.9224735284222145,0.8747150251638157
337,aec648fa-ce01-404a-9cd6-e630e780c443,1.0,1.0,1.0
338,aeec46c0-6d23-4e61-a255-6437f0646dde,1.0,1.0,1.0
339,b05b0f66-9a6b-4506-bb57-37dcda208ea3,0.8011168659547712,0.9296025458172914,0.7552950632996182
340,b07b7b68-c34f-4720-be54-8527c1a236c8,1.0,1.0,1.0
341,b0d40d34-30a8-499f-86b1-0551e0ce66c6,1.0,1.0,1.0
342,b127178c-0034-47f2-94b0-865733007a26,0.9571387620466484,0.9259308443118216,0.8890668186778775
343,b2ea5b19-09e7-4a78-bc51-ddde56bb3d9e,0.9395151324510751,0.837578703487324,0.79472527194055
344,b2f833ff-d7db-4592-ac5b-134349047502,1.0,1.0,1.0
345,b338b188-f4e1-4552-a476-08c9f70879c3,1.0,1.0,1.0
346,b3449690-ef7e-4a7d-877f-e059f2057a3d,1.0,1.0,1.0
347,b4ef2b99-81b3-4055-b57f-55ccb5aa2164,0.983890460976723,0.8740257086418792,0.8616942691861227
348,b4f36e8e-216e-4358-954b-5f6ff8a2bea7,1.0,1.0,1.0
349,b5600525-6fbe-437c-810e-1842e2603258,1.0,1.0,1.0
350,b569e7b0-8e11-4663-ac97-fc8be9d1cb19,1.0,1.0,1.0
351,b5a8edbb-e9d0-4d2d-bd50-674f5b6c7f04,1.0,1.0,1.0
352,b5cadf9e-f7ff-4619-9f4f-f811d071177d,1.0,1.0,1.0
353,b5df532e-8543-4031-8c00-0c27740ff906,1.0,1.0,1.0
354,b62c6ad4-35f2-4fa7-a600-b18fc0701b3a,1.0,1.0,1.0
355,b62ec1eb-1398-4085-a67d-6d530c81ee3d,1.0,1.0,1.0
356,b67d3e8e-fac4-42da-9916-61daae66fa1a,1.0,1.0,1.0
357,b6a24b11-cc74-4a41-81a2-373ad551ea07,1.0,1.0,1.0
358,b7153ec2-df7d-4a45-95b9-8cc392ce84ae,0.8800386607338245,0.9895057576851153,0.8719009608331316
359,b757e092-001f-42a0-9d53-baf082fb799d,1.0,1.0,1.0
360,b837ab8f-1a66-4c9a-9193-992c9d14f438,1.0,1.0,1.0
361,b85ff358-03da-4e71-8e23-0e340ed3e8c3,1.0,1.0,1.0
362,b8f040b4-f999-49a9-ae1d-7deae64a1b40,1.0,1.0,1.0
363,b9ca951f-538c-4b12-9c33-f82d44f00ef1,1.0,1.0,1.0
364,ba123103-d6d4-4321-9ffa-43794a07cca7,1.0,1.0,1.0
365,ba4ca78a-12c5-4e2a-a481-797aa43dd1be,0.9559183550862859,0.8799117959139942,0.8456001780322783
366,ba994efe-e329-41c4-9d68-9b13b7703811,1.0,1.0,1.0
367,ba997558-7845-435f-8a18-030188a4e202,1.0,1.0,1.0
368,bc2436ca-f310-4f1b-9ad4-5e82f8fc5e2b,1.0,1.0,1.0
369,bd01cf2d-255a-41f7-90fa-7aa1cbf00cf6,1.0,1.0,1.0
370,bd775690-c35b-431e-973b-7fd86a0e2b8b,1.0,1.0,1.0
371,be051759-f5db-4d7f-bdb3-560ded0e86b8,1.0,1.0,1.0
372,be5abb91-42b0-4341-8e6f-4a8b102e24fc,0.9336920848535963,0.7148778168111996,0.6803381350469427
373,bf2947f8-7bb7-4049-916e-921fac354a46,0.900302973234611,0.9899296675191815,0.8921323079240044
374,bf2c4745-74eb-4a8c-92ee-6ab00e393ceb,1.0,1.0,1.0
375,bf9def75-85cb-445b-b57e-5300221a390e,1.0,1.0,1.0
376,bfbbdc43-5a58-460a-9251-eabb0a237a41,0.9077087691840874,0.9724940799649588,0.884987995254155
377,c01e3cfb-82e1-4a99-9c48-a76a94314636,0.9817821978950158,0.9117201497989096,0.8965525064087537
378,c02c3119-2602-4a84-90f7-67c2a57db905,1.0,1.0,1.0
379,c063ba18-8752-4f79-a7db-9f27a7908177,1.0,1.0,1.0
380,c093a4fa-b090-4d4e-8861-9c095861d530,1.0,1.0,1.0
381,c0a7c370-373e-4137-b9dc-975e649c831e,1.0,1.0,1.0
382,c0d0a539-7dc2-474e-b113-872ed7dbfce4,1.0,1.0,1.0
383,c231c47a-929d-4c01-97ae-0e7b40c3a0df,1.0,1.0,1.0
384,c34474dd-22fd-45e5-8e6d-1a08683b1b05,1.0,1.0,1.0
385,c36da8ce-8598-4afd-9195-850c9ca3e731,1.0,1.0,1.0
386,c3d12a5f-867b-4bcf-88cd-3a8bf32beabd,1.0,1.0,1.0
387,c40f03f0-602b-46bc-b308-2bd1d54ec8be,1.0,1.0,1.0
388,c5380cbe-127e-4e32-8cd5-cd2244b0a98c,0.8714514692787177,0.7886533967281811,0.7064666560790033
389,c55c67d2-0633-4739-8ebc-c0fb42361eba,1.0,1.0,1.0
390,c56c0917-5441-4ba9-84f4-5bdf726865d1,1.0,1.0,1.0
391,c636cacc-9a13-4606-b83e-10ceb3632b3c,0.9164443366480718,0.8148367792543871,0.75848744134695
392,c64c5083-e84c-40cc-9abb-67222017bd9a,1.0,1.0,1.0
393,c6c4a2fa-0473-4ceb-a4d9-3574e59c52a8,1.0,1.0,1.0
394,c9ed29ee-8e97-480f-9fa9-7306f633aa0c,1.0,1.0,1.0
395,ca05945b-d1d0-470d-8b19-6f66650f9c2f,1.0,1.0,1.0
396,ca384445-8271-4b96-b396-aae974245dff,1.0,1.0,1.0
397,ca780387-e5db-4d3c-829a-b29ff550214f,0.9533083233236367,0.8833868764078135,0.8467505018481157
398,ca93dd00-7538-4ccb-ad0f-b76037d1ab9a,1.0,1.0,1.0
399,caf75736-cae1-4c16-a20f-c8fb32a23094,0.9068797629127858,0.9721301952383978,0.8838991338650909
400,cb474d23-e76a-4256-a120-c259059a4f91,1.0,1.0,1.0
401,cb4d8cc8-4d29-402d-aed7-433716065dd7,1.0,1.0,1.0
402,cb83f7da-b338-4499-a553-9c5af7393314,0.7706599147548869,0.6659258318516637,0.5557846760167087
403,cd693ed4-e5cc-46d6-ab36-085b11c227c7,1.0,1.0,1.0
404,cd8f0943-81c7-4198-a81e-9a6b8f1ff6af,1.0,1.0,1.0
405,cdb997f4-6ef0-40d9-be6d-06bee4b9f0ea,0.7866702644360497,0.5407400537883705,0.4715873246954918
406,ce085906-e90f-43b3-9b1e-f93cc1df4588,1.0,1.0,1.0
407,ce9f4e9f-3b35-444b-be02-b35320f31a9c,1.0,1.0,1.0
408,cebef35f-b5e0-4b04-b007-76a61234a8d9,1.0,1.0,1.0
409,cedfd8c3-05b5-463f-9abb-78b093b6515c,1.0,1.0,1.0
410,d0516797-3d02-4481-84ef-f137334e277a,1.0,1.0,1.0
411,d17a2e84-5a3b-4954-85a4-ba89b219a38c,1.0,1.0,1.0
412,d1ad0ecb-bb88-4772-9599-93f9b25db2c7,1.0,1.0,1.0
413,d23261e8-59ae-4862-908e-2110940e494e,0.9009575186354677,0.9179449051700477,0.8338056526843308
414,d2380052-5799-4b90-99ab-22b33c1a6a06,0.9752500790599358,0.920334244337637,0.8993292711003331
415,d29ea4c9-4336-4c53-bbee-a6ce6ee4225f,1.0,1.0,1.0
416,d3a82b6b-9d93-4adf-9439-d96caebbad18,1.0,1.0,1.0
417,d4243030-bcec-44ed-a659-e0cc518581ac,1.0,1.0,1.0
418,d498a72e-81bf-43ad-acc1-cd15bbb200f4,1.0,1.0,1.0
419,d4e2c618-df22-4b55-8126-522130d5da6f,1.0,1.0,1.0
420,d55a40ef-cec8-44f8-8e70-11d4097f798a,0.9709974761329968,0.9624917514484819,0.9355948332070417
421,d5e7cb6b-47b6-46cb-bb17-d6bd9d1b1a28,0.867434341873076,0.8302000764309224,0.7367275273216571
422,d6bd202d-7f0a-45f5-9020-6941803d853f,1.0,1.0,1.0
423,d7186eab-5571-42c0-bb42-7a906145fb7e,1.0,1.0,1.0
424,d7cd5313-5d30-44ee-ba41-f20102b649b4,1.0,1.0,1.0
425,d8148e36-1436-4737-baab-36067020a028,1.0,1.0,1.0
426,d886cf24-570d-4812-ab15-798d82d4163a,1.0,1.0,1.0
427,d8891d8a-1ac0-485d-9026-fcbf1b92d481,1.0,1.0,1.0
428,d9dd6bf4-9326-4f8d-91c2-c672d59c0549,0.8495689722978181,0.8457307285753436,0.7355770376701251
429,da4f359b-76e0-4615-a53d-b3865e5ed4a7,1.0,1.0,1.0
430,db7f4964-db61-415f-9af5-b2b724ca688c,1.0,1.0,1.0
431,dc2e8e52-5b33-437f-9d28-edfd5a6df514,0.8463890977871972,0.9211774276757014,0.7892305403854736
432,dca6dac7-38f2-465e-8533-88717a9ea185,1.0,1.0,1.0
433,ddb67c02-23e7-4c9d-a7c3-8eba385342f9,1.0,1.0,1.0
434,deb6e58a-5d1d-4c2d-93af-af103f4bf493,0.9349787668620848,0.9875440345176002,0.9240811189794008
435,df471d27-772c-431a-b460-8a64b4a0580f,1.0,1.0,1.0
436,df62ef5c-7070-4fe9-befd-2b33d0b946b4,1.0,1.0,1.0
437,e1164321-8929-45ec-876c-f68e7a8d66c4,1.0,1.0,1.0
438,e148c79a-d37f-47ad-bdb6-07511938c9b3,1.0,1.0,1.0
439,e17b8f47-19e6-4925-9a51-013cf5a3094f,1.0,1.0,1.0
440,e1b8ab11-b3ab-4bbb-a8ee-c22fee4d50dd,1.0,1.0,1.0
441,e1ba8b30-19d3-4a16-85ce-b8aef1a5b9bd,0.9017063596135193,0.930934299479536,0.8451669794645889
442,e21c3591-3fd8-4a47-8b92-d736dcc975ed,1.0,1.0,1.0
443,e2eeca3c-07ea-4b46-b3fd-dbef6627e7e8,1.0,1.0,1.0
444,e310563f-3e26-43a2-9ce2-ee0965bff8b4,1.0,1.0,1.0
445,e3133fc0-c323-4ebc-b052-cdb75dfa0eb5,0.857808819137994,0.9335865090637714,0.8084734897247601
446,e3c03fb3-b89c-4d52-9c96-285e6cffe603,1.0,1.0,1.0
447,e4153983-a619-4767-95ec-357c2450c0d5,1.0,1.0,1.0
448,e52f3283-de16-4393-801d-a16e4697b601,1.0,1.0,1.0
449,e5ada9a5-d7ff-47f1-b24a-a484e50bffa5,0.9767954374260196,0.8985385593069343,0.8797596433417328
450,e5f07d5d-dcaa-4063-96fa-59f603dabbd8,1.0,1.0,1.0
451,e6a20b2e-92a4-4095-b60c-973e6766d965,1.0,1.0,1.0
452,e6ef2dea-c60a-48f1-a6cc-00e0332bf4fd,1.0,1.0,1.0
453,e818e17c-228a-4ce6-90cd-ca7610f1fe64,0.9118272686657731,0.6919227441316811,0.648530722971563
454,e884d5e4-0713-4fa9-94a1-61fb0e83a9ba,1.0,1.0,1.0
455,e97634dd-b44f-424c-b757-6151d969f8fc,1.0,1.0,1.0
456,e99852e0-7fef-42cf-89a1-172884dcbbda,1.0,1.0,1.0
457,ea8db9fc-34d2-4607-8817-b12fc0e424c8,0.9421372881040546,0.9140990875510476,0.8655088121164465
458,eb1a33f9-93b6-493a-859b-17df84b3fa4c,1.0,1.0,1.0
459,eb327843-ebce-4576-813f-c545a25c1906,1.0,1.0,1.0
460,eb7b2af3-a301-4eb1-9a20-cf0cb89ced00,1.0,1.0,1.0
461,ebb0a6cc-bb2a-491a-bfa3-086bcbe00cc1,1.0,1.0,1.0
462,ebdd6275-66e2-429c-8534-8018163201cc,1.0,1.0,1.0
463,ec83565b-1b23-4f49-b5f6-409d8ca5b374,1.0,1.0,1.0
464,ec85d878-96d0-4a91-8495-6590a82defa8,0.9261361352868415,0.8613338759982889,0.80596748119132
465,ece78d08-e475-49a0-b9b9-978d00a8dc62,0.8799545159194282,0.6998578837599897,0.6388617447855242
466,ee7e5d65-ec0c-4a12-ab83-7eb97fcc53fb,1.0,1.0,1.0
467,ee88665a-d3a0-4845-b229-84ecf7774df8,1.0,1.0,1.0
468,ef68de0a-92f4-484e-9deb-41dde16c393d,1.0,1.0,1.0
469,efa81ef3-47d7-49b4-86f3-a6cc93e06f17,1.0,1.0,1.0
470,efb6e573-67a2-45b6-85fd-d0dc5b82bd4f,1.0,1.0,1.0
471,efd3d5b7-624b-49cc-b5f2-486556787fb2,1.0,1.0,1.0
472,f08c522a-4741-4bb7-b877-bbfb5dd2661f,0.8803534923879782,0.9934589951354411,0.8752800974581353
473,f08ee7e8-81b9-47e7-9975-f5ff11af4b09,1.0,1.0,1.0
474,f09b9b5e-823a-4ff9-8c22-2a1a70a4a6ed,0.8787596417663198,0.8286293722430794,0.7436161909009813
475,f0d9153d-6497-4a70-98b8-882c5972eca2,1.0,1.0,1.0
476,f115a983-e6d6-4e24-93f3-63b8a22f4113,0.9050293132112764,0.8729043692381013,0.7996561792234016
477,f155888c-4eb6-4cfe-8ad7-3441d2284142,1.0,1.0,1.0
478,f1d6e617-8f87-4a47-8ed0-9e7199e8e127,1.0,1.0,1.0
479,f344345b-4242-4284-9e8a-b478394981c1,1.0,1.0,1.0
480,f3767881-804e-49da-8465-e1cbb9a578d9,1.0,1.0,1.0
481,f390f115-f518-4965-aae0-48404771f794,0.9315669373241197,0.8393354014253852,0.7905894589896943
482,f43968c6-09e6-44f8-91ac-986c6236ffcb,0.9459494342544923,0.8806528595984713,0.8384618073541141
483,f4dc7801-0d73-4e47-9e17-b8266a5a387e,1.0,1.0,1.0
484,f70430e5-b1cf-4b7d-a003-3d02bae9268c,1.0,1.0,1.0
485,f726c27b-2a09-422d-9352-53256e1297df,1.0,1.0,1.0
486,f84a90b7-8af4-48d2-8668-b31834051346,0.9269194849507674,0.9090574719275345,0.8482607320470804
487,f863c9f1-564a-473a-a419-c0d0a9519ff9,1.0,1.0,1.0
488,fbaa2d36-0e20-4f89-9d48-07e6f9188d39,1.0,1.0,1.0
489,fbf4eb8e-443a-472c-8f6d-20084ddb0ec8,1.0,1.0,1.0
490,fc00313a-17e0-46ad-8e4d-a1a5b5f7dd3e,1.0,1.0,1.0
491,fc3a059d-1baa-40bb-9153-cb98f1c08b46,1.0,1.0,1.0
492,fc7245a4-9e1a-498e-9252-0ea2d627c4c7,0.9303651904231169,0.9141486283558583,0.8556070905793748
493,fc8b964c-e47f-4cc2-bc4c-e74b8a4df17d,1.0,1.0,1.0
494,fc9d43d0-2295-4a9d-8a69-5bf3ac9f9565,1.0,1.0,1.0
495,fcb86d14-3865-4a37-b9d3-aecc6cda4dc6,1.0,1.0,1.0
496,fd96d19a-ddb4-442c-bd2d-b1ee3cacdf0f,0.9335863756015848,0.9799981159920872,0.9161298739420427
497,fdc7ddba-978f-4536-8a5b-52886cce6133,1.0,1.0,1.0
498,fe8bae9b-e673-4d14-8c0b-094aec3305a7,1.0,1.0,1.0
499,feae4e03-0901-4248-89c7-2bb06461cd00,1.0,1.0,1.0
