,image,precision,recall,IOU
0,01174ba8-8544-4c99-82ae-3c551808f686,0.9528207062983642,0.7257326584649747,0.7005581443872583
1,017ec468-cc77-42d7-bc47-da1a978ecd32,0.9518507364431052,0.5249382523210293,0.5113596378610216
2,01a64a17-2f19-48af-a205-7f6e2b97c75f,0.9046474219192417,0.7175630203540964,0.6671074708036135
3,01aa897a-9d5a-412e-b04e-3416f3436130,0.9750415871638085,0.7544716682607646,0.7401770563396957
4,03cc1b9d-2496-4d4e-a912-ce52272bdcd3,0.9971315434880179,0.8112947872002233,0.8094057491181385
5,03ec0f32-17b4-450c-8d70-698a7e0346fd,0.9393976850510362,0.7232855623471377,0.6910412234988969
6,04f7c089-314e-4e9e-89dc-30db1731c700,0.9999999996191811,0.908776920654367,0.908776920654367
7,075b0cbb-99f1-473f-ba04-97132aab0d49,0.9958039058358278,0.737873606404024,0.7355864963099137
8,075d44c6-49c1-48ab-a77c-0db3fdb80973,0.6700203235972162,0.788876372261599,0.5681437958558413
9,07aaa697-9563-439f-99b7-69af47771f2f,0.9993621560313132,0.6720254762636971,0.6717373542901981
10,081ebba5-fa00-4fc6-83e1-5551c90d56cf,0.9504627319453188,0.7756470095924806,0.7455090399303878
11,0846bff4-1ca4-4307-b494-f79e0df719ed,0.6716747976175554,0.3038440856853452,0.2645518487870737
12,08c79ae2-1fc2-4dba-a278-ae2980a81b64,0.9737709155710838,0.8150669602570119,0.7975571505269999
13,0909abdd-9b61-45c9-b9ca-6b35183b848a,0.9999999945922561,0.09301810865191147,0.09301810865191147
14,09164208-2249-4e16-aef4-4058bf19b8ee,0.9796450310023463,0.9214262819124514,0.9041166920258749
15,0a1c697f-817c-46b7-8a0e-ed34e05b85ea,0.9999999985096647,0.24436335296281325,0.24436335296281325
16,0a5c2a82-82d2-40a2-a561-38f4fd8df22b,0.8409511814665243,0.9278384267151356,0.7893260854950396
17,0cb025e9-b108-439a-aa4e-a9322d446cf7,0.9900818793200136,0.9333530219180932,0.9247071575580448
18,0cc8aef3-07b3-4d75-a440-c6ea647ab3bb,0.6660499666590708,0.41810422154868804,0.3456455729796817
19,0d037949-cced-45ce-98e1-4a5b2eb4e53a,0.0,0.0,0.0
20,0d04ed22-d573-46fe-bb17-f28b45f852c0,0.9286638597975954,0.9116439870555366,0.8519808396731474
21,0d0b54b0-1236-4fb5-9907-aba7fd73d61d,0.989510418856215,0.6374817298598573,0.6332026713124274
22,0db5b8ac-0ef3-491d-9797-f9376c883b6b,0.9999999972679836,0.1409406826976762,0.1409406826976762
23,0dc03eab-8426-49b8-9e54-7c6ad30978ef,0.9666787076777165,0.9071567727151795,0.8796504733173827
24,0e66f0be-337f-4789-80b3-73e7924675c5,0.9621930354537611,0.7749008688122953,0.7520040104079635
25,0e969251-7f84-47bf-846c-63c8373cdbd9,0.8592330019427269,0.42341748041884625,0.395951170771971
26,0f683a2e-11ca-4c63-ae3d-2fed97c3a412,0.9944770579107594,0.7641937813480012,0.7609642209788006
27,112da14b-e403-4696-b96d-b4622225c4ee,0.6468946221430941,0.053527811942418624,0.052008236039968354
28,118c8e84-460b-4fac-8fd4-d696c3b8d1d9,0.9999999983798322,0.21120745703785324,0.21120745703785324
29,11af2b8e-2e30-4832-8135-caa2364f6d1c,0.9985548389651745,0.796635365731593,0.7957179568833361
30,1214f4de-8399-48ea-a2f6-6e31843bc3da,0.8627334488287525,0.6787817247974556,0.612619645645238
31,12ca77c4-a0b8-4939-8238-0acc68860c7e,0.19948027940395344,0.21070480684163964,0.11416824405713022
32,13889795-fad8-4aad-9a56-99a3ac1e8470,0.9723155359666475,0.853447985541249,0.8332012113817278
33,1441cc1c-2706-4d67-9ccf-0e9e21da73c5,0.998443659647192,0.4843405936607401,0.4839752052607094
34,144331d1-3514-44c3-970b-5e9d8323d17d,0.7431462284073705,0.6607707140184764,0.53791943321166
35,146da3d7-a058-4449-a0bc-b81caa59cee4,0.9649476349636014,0.5406459170603822,0.5302325098537254
36,147ee0b8-ddb0-4991-9fea-4ccdf7e84f74,0.7861504562540818,0.4242997867158941,0.38039514530426
37,148cdf0b-3d87-4ccc-a24c-00002b52e8a4,0.9864034688952034,0.7854372368708435,0.777024837107764
38,15095922-6448-4246-8a0e-8bc05801111b,0.9827636484601153,0.7652232148011869,0.755089174490323
39,16720016-32c4-4e42-aeee-3154459772f9,0.0,0.0,0.0
40,17a0222a-58f6-4889-be75-2048477acceb,0.2195298654824913,0.03677283637638556,0.03252119781045401
41,17ed993c-e77d-40bf-aeaf-4a762077d3d1,0.9999999980120866,0.2625058706883056,0.2625058706883056
42,18039481-8de8-48fe-973f-5405f5a348d7,0.953809518749892,0.5206120812114067,0.5078092598876447
43,18469c02-9308-4ac9-95c0-7bbed2fa5d9b,0.0,0.0,0.0
44,186e8409-96d5-42ab-b088-8fe532c5585e,0.9858503250327602,0.4208184581669082,0.4182920134390303
45,18c1712e-f83d-44e7-9c4c-249c8d06d564,0.9331940443068782,0.9518946973007367,0.8911664226451927
46,1a694598-ab89-4978-a752-2ddcd452a60c,0.9404526511869847,1.0,0.9404526517556431
47,1ac3fe23-5c09-470f-ad7b-2574f6807737,0.9743117710352445,0.2357896442095458,0.23433286375528276
48,1b7958e1-14ee-4ab9-a611-15c818129409,0.9721267620382977,0.8295143738079855,0.8102433881627424
49,1babb9bb-1888-44c8-9342-f2d02c4fca63,0.9158213099164529,0.6129040369117813,0.5802170860012854
50,1bd8a36c-f71d-457d-ba93-33c8c21bd926,0.9514084033561071,0.8892493026949703,0.8506168997583656
51,1c0c56c3-1f4e-4e4a-bfe3-915984b21f69,0.9909321425963626,0.895340693528917,0.8880646771552942
52,1c73e321-8d55-4e18-8695-4343ebb7ff00,0.95754425134978,0.7531037543798252,0.7287692504656454
53,1d22c491-6d14-41ec-a61b-1e10dc9c1eee,0.942203746006868,0.8097103903126579,0.7713959969597163
54,1df87a0e-0790-4fcf-a884-a42a4718b742,0.8360496169835384,0.7404697226371026,0.6465815294931158
55,1e263b4f-de16-4955-ae24-95c74e7337e6,0.9999999577345748,0.012569928862490504,0.012569928862490504
56,1ef2a1f5-9da5-44cf-9a4f-6cc85234d295,0.9909433848840717,0.7270956881858264,0.7222958814207402
57,1ef657fa-8875-4824-9f3c-d11fc0e7a23c,0.9610519245847445,0.997891864353183,0.9591046473015034
58,1efd9a55-575f-404e-bf3c-1390f94b9ef4,0.18313101312402358,0.9947471418271706,0.18295408909398134
59,1fa86ed0-730e-441a-aaf7-7daac51d008b,0.0,0.0,0.0
60,20072ab2-d649-4813-8838-7d1eae2dcba3,0.8767707181564839,0.9398442117386758,0.830181986118455
61,20a078b1-aed8-4b9a-9747-88564ccb5e00,0.999999992233613,0.08713600281520481,0.08713600281520481
62,2127a492-6b53-4fc7-bda4-b73c226bf98c,0.9577703895596447,0.6725385498278357,0.6531699147545221
63,215a7a17-f06e-4e46-bdf8-d9e466bd7d3b,0.992375585398915,0.9423000595356221,0.9355271383915885
64,224bd4ca-5b06-40f5-83eb-135f40843a4c,0.0,0.0,0.0
65,2270ce2e-9b2b-4923-b2d2-fdd1f7058547,0.860265282132607,0.8754201389259382,0.7664357679678268
66,2292072c-c49c-4bc5-b1e9-131150ff9bcd,0.9956533195008055,0.6765269235539183,0.6745346962702425
67,23411ffe-7bd7-494e-9e82-a5f3524a2de2,0.0,0.0,0.0
68,239e9ecd-228a-480b-ab50-5b45b03b6b0b,0.9654281227435565,0.42961351672833137,0.4231043052786911
69,24f96ca7-fd85-43e2-ba0c-5920cd416041,0.9660002629230853,0.8443581499988863,0.819989400325201
70,25f066f8-09ff-47b1-8acd-423fb01c6d19,0.926123646317689,0.6559568496393843,0.6233403761379346
71,27bdf351-2203-4640-91dd-bdc0cbcdbff4,0.9021785047564435,0.8542866088045501,0.7818636229773076
72,28218009-0a33-4840-9fe6-d762b1e1c939,0.9976091469610128,0.7149868226222517,0.7137637707432715
73,28364870-58a5-45e0-9eae-26a078730f07,0.9708100884165997,0.9216994874232811,0.896844976871071
74,2839c2e9-cf9f-4f6c-b0a1-8a1ba463e30b,0.9660679574624845,0.7421313294422243,0.7232779880517494
75,2a35c1c7-a3fd-43de-8df0-a2f6ba06321f,0.7170130866653022,0.8591365118638734,0.6415874160727093
76,2ae69c8e-57a8-468a-b226-3190de2d0cdd,0.9174309288626543,0.5520205027311087,0.5258930736695864
77,2bc4eee0-d3f5-475c-8ce7-2ae82165277a,0.9982826110206328,0.8424309376565159,0.8412117944588886
78,2c84d06f-86d6-4ddf-a4b2-2243bbf37d11,0.9348680790390659,0.9597918297404219,0.8996347397768779
79,2d718889-966b-4ca2-ba7a-5bf6c60c98eb,0.9967721813470475,0.6062465142219744,0.6050586689822546
80,2d9eefa4-efcc-4d89-b29f-afbd07faaabc,0.998318127599877,0.8701242501446971,0.8688505995462893
81,2e5ae928-8e0a-49f4-b9de-607b8d28751e,0.9965954616506495,0.8081233800268529,0.8058985475596353
82,2e749c06-70cd-4f83-ac9f-82113fdf2d05,0.9646301314715583,0.8774043772609308,0.8500567083592914
83,2e8a8639-8ed8-44d4-a203-07e2518d658d,0.9660547794371359,0.8532291429097296,0.828393287234869
84,2eaf1c68-cb1d-430a-86ba-fd9a17705ce6,0.9997449783438653,0.823092162075213,0.8229193823068355
85,2f53db6f-d920-4c4f-ac94-a03f770baf77,0.9948274099323143,0.8335367231638418,0.8299397963877833
86,2f8e9a77-7d19-4b85-9eea-7f1504532521,0.0,0.0,0.0
87,2fa5ad4b-f7b8-4f0c-bb86-60021e62ff6d,0.0,0.0,0.0
88,3011561f-791e-478d-9d70-93846ebdd949,0.9819671978910786,0.7067492545352485,0.6976940841840248
89,306c3e5e-3360-44e7-96dd-44d1f512007a,0.9653561360546667,0.9251256225252642,0.8953983041070604
90,30ccd77d-6856-46a6-8c53-cffce29a280f,0.8903620697103037,0.8649275031938488,0.7816745140286797
91,31b20688-6e68-4482-bac9-caa9367f6a57,0.9115856885241617,0.9858387148210157,0.8998030717173693
92,320ef9c5-2e01-4951-a8be-bb555f9d23a7,0.9433015909171809,0.6882030322084818,0.6608660648018081
93,325a755d-7d69-442d-b251-5e805cdcdfce,0.0,0.0,0.0
94,328ddff0-adf1-4bb7-ac34-57c85bbe2c87,0.8607618124032045,0.528277447595407,0.4866875654686307
95,32c89843-350a-48a5-b594-f93659fa61e0,0.9606492493072523,0.2782418401723091,0.27510630891356724
96,3340855c-41c6-4ef5-acc0-5f3245a4a25a,0.6718661046429287,0.8168850475783493,0.5839231090249664
97,34141d99-ba99-4127-aa62-7d3b96baf647,0.9061749284244128,0.9097648706664346,0.8314453975648091
98,341e3301-7acf-46bd-81db-026d7f1272cd,0.9029427975101502,0.8113336464961353,0.7462528280542986
99,346a8184-19a4-4817-bc23-ae98856618ee,0.9425287321598558,0.4079601990049751,0.39805825242718446
100,348f749c-7dfd-44e7-9b43-1ad18a8a9ab4,0.8607639469256573,0.6299012287188572,0.5716542351335688
101,3551afb6-ab63-4d82-8d89-440bb20fe80c,0.9387944962049379,0.8805573308424692,0.8327502373065225
102,355dd51b-6b8f-4700-8434-2562c6adc66a,0.6596805553264998,0.989634228922064,0.655153625987103
103,356edc4c-dc4e-49fd-aff1-72cc00ed3662,0.9953790775682092,0.06681946909771888,0.06679874809774027
104,35d13adc-755e-45ee-bcc2-da84ac9438f2,0.9959589187126618,0.7885240103743679,0.7860092379506766
105,36799174-b168-4a82-bff3-dec47b656f86,0.3601401456821691,0.9100811811928086,0.34776561798750266
106,36ad3a55-bf57-4950-9374-b8ae6328e38e,0.9993323911931362,0.6229232689906847,0.6226641494944324
107,36bb2c4a-99cd-4422-923c-46b30b4d3335,0.5453291916837469,0.4483397961562096,0.32634882931795045
108,36c4d47a-64d6-4f65-b0cf-05214838dcef,0.7533502694022488,0.4007275708356817,0.35425006086478955
109,3883e496-b008-499d-a103-64baccd60bdc,0.6061072508165684,0.9449344921520301,0.5854295587880736
110,396b796a-7986-471e-b8e7-5889bce17baf,0.9999494265022962,0.8465879411185422,0.8465516946104708
111,3a2e7c55-4b56-43d5-9dec-23bc7e371d8e,0.995639480407422,0.6114528324531925,0.6098197787071049
112,3b4505ef-2292-4641-a7d1-0d50ffebd70d,0.9552958166972708,0.9456730942188006,0.9055969201221271
113,3bc9a22e-2da9-4310-9289-00baa70b2b13,0.9983722730587772,0.9591201613677841,0.9576226973860873
114,3c18a3f6-6177-4478-8c5a-41e5adb3624e,0.8684268570168631,0.9608804797545442,0.8387716385254522
115,3c69b800-9b71-42c3-bca2-9131862481fd,0.9966202436865504,0.718515639073507,0.7167691289132696
116,3cd36391-6fb7-4d89-a90c-abe39b6fc82d,0.0,0.0,0.0
117,3d6026ba-58d8-48d6-b4ca-a62f146a5766,0.9834032972675834,0.4959851072058313,0.4918678575607473
118,3d7474bd-9efc-4219-835f-111f8c8c216f,0.948615861404997,0.9410794662817158,0.895433907552605
119,3dca7953-6d9c-4945-8e72-b1071e7ff0c4,0.9102948883123061,0.6364070078719287,0.5988502354814171
120,3e1e9bb3-3a7c-4f3d-91c6-c30b3f5cc59d,0.9920148389360648,0.9178485573390855,0.9111170752768475
121,3e6b91b2-0063-4193-a99f-227615dea01d,0.9515649529197294,0.8391420540301029,0.8047682494433649
122,3f1c4b15-2847-49c5-8eb8-eaae0bbd3bc9,0.8952279201478044,0.8645547032905697,0.7851149860035403
123,4083b487-810a-49b7-b613-0a87b9b9224d,0.9168783002067399,0.9604463490650045,0.8835172148982465
124,410b44bf-ba2f-4f19-a4af-dc8b3cf96b71,0.0,0.0,0.0
125,422496be-fd78-4429-a0b4-c582a7bf1a60,0.9533482770230698,0.8509141343113107,0.8168991496344921
126,42846907-9485-427a-8651-f028ea77e696,0.9548308566638046,0.7641787281832663,0.7375173504542916
127,43055785-40ff-47a0-a454-b62e81a7e94f,0.9654756808806638,0.8224924339340645,0.7989929336438186
128,4335ec7f-d0d5-4285-b86c-6a437672bb1c,0.9943610169145175,0.7381655580925908,0.735088398609349
129,433d8f9f-290f-4691-b82c-6f5a5937ebcb,0.9160091717530682,0.07128735291812188,0.07082440997685335
130,44097842-589e-4099-b4eb-bbd9756f2b79,0.9999999955857685,0.10559336254311551,0.10559336254311551
131,4470bf74-d682-4dd2-9d0b-ef86648aceb2,0.836001003954585,0.8198178931337287,0.7062376829070851
132,449b1dc0-9ea3-43dd-8f43-b129afca2871,0.9878741762466677,0.6662867314827008,0.6608817461961858
133,45de784b-0244-4f38-ba81-3a2d81f7899f,0.9686705523409367,0.6745937503343068,0.6601896007496088
134,46813753-1eda-4ec0-a8cd-20d5bd5b60f3,0.9645385797022693,0.7125775612911049,0.6943860146691562
135,4694a332-62e6-448e-9762-5216d652a837,0.867971436505815,0.22067315958210706,0.21350639946768954
136,46bbf338-415a-45fd-8a5d-86f83a0db076,0.9827177918016677,0.8569516752244686,0.8442287529536955
137,4708b1de-e55d-44af-86db-0fdf201c87d0,0.979170270183604,0.7577820343823805,0.7457602497229805
138,4729b6b4-ab11-443a-a44a-aae9522c7b2c,0.9194333632837653,0.8775181581471838,0.8148604742721477
139,477326b0-a0c5-407a-8db4-bb109586ef7e,0.9882805981790656,0.8568395939653445,0.8482210532821949
140,4798cdf9-2550-4e87-8712-87eb556a00bb,0.9702499309010096,0.9327916880371769,0.9068542827462461
141,48960611-8a87-4f36-ad64-4c54369ce143,0.9959891277700154,0.8686146924639132,0.8655869284792891
142,498950dc-dfc3-48e4-aadf-b1badb2a2ef2,0.961707749490445,0.9197450825543169,0.8872526265435926
143,4c0c9324-dbab-43ef-a548-d704e8bca821,0.1480139365945926,0.01564633200082504,0.01435361430856216
144,4ca8417d-beb6-477c-8a64-1402f7f46829,0.9991851498494227,0.7099903802754615,0.7095795286784405
145,4ccdce62-d9bc-4597-8303-652bae235775,0.6483151733829065,0.8224729681118941,0.5687295153927192
146,4de50249-077c-442b-a18a-86575fec4333,0.9185354883123711,0.8066070018425902,0.7527565852734126
147,4e2c6cee-4a1b-488f-b2de-c5f182074cd9,0.9966880734173427,0.4518569520601923,0.4511795109668014
148,4ef2cbd2-0dee-49d3-917b-0c49edc4752a,0.9759434281145369,0.9392601137019033,0.918006120148172
149,4f758ca7-d57e-4db3-bdcc-c75b3f11343b,0.9479524035907267,0.8704698804149945,0.8307648088462308
150,4f7a708b-d9f2-4cf4-bff8-761d6eae4eb0,0.9466707229580957,0.7707660635880614,0.7386920891697845
151,4fa099f7-e91c-4014-8b4b-cac5293049c3,0.9999999966625505,0.25778393399464866,0.25778393399464866
152,4fc76e23-8584-462c-8e3b-bfd0a4639202,0.9854431619237883,0.7481522292309631,0.7399743239249298
153,510d6fe9-7d7f-4e5c-83ab-9f52646a04f8,0.5078527941849936,0.7099209573760804,0.4205776805251641
154,5131013c-1f9c-4f6f-aabf-5dcf7e76bc1b,0.999999999080409,0.38159270670306766,0.38159270670306766
155,51cc739c-e80a-4bd1-9d5e-024c519a930a,0.978435308380918,0.6339200290975797,0.6251852025140754
156,520638e1-5d0f-4041-af5d-f9562e920aa4,0.9451158400538598,0.612164853514704,0.5911499209814374
157,52a526cf-e06c-42df-b32a-5921d00a08d3,0.9905921898160889,0.9270888796383244,0.9189973754036457
158,52f56649-d196-4964-9332-e539c53c926c,0.8523484964060081,0.7382708817660949,0.6545593235468348
159,5367b100-9fa4-44b2-bd21-f8eb49056922,0.9318194429854287,0.9570590331393277,0.8944248581349294
160,537eb21e-a752-4126-b82e-e56869699939,0.9968689061374522,0.724473698905517,0.7228288878055575
161,53aa1cd2-6b33-455a-ab94-4a7f06dd0032,0.9966661339788327,0.7779241634713073,0.7759051267635099
162,5403abe1-8b69-48c4-956c-748f24ada4f5,0.9470739157201428,0.7841927427648009,0.7512693652632376
163,544eb6a9-0197-4b24-9462-8af8b83b8cdf,0.9939332402721788,0.5713777322258521,0.5693919383781714
164,54bc3493-592c-4bec-98f0-6dc58d681ef4,0.9995664801467811,0.602958909416693,0.6028012723373146
165,54d5786d-5128-4a3f-93a6-7548893cadd4,0.9963670110299064,0.9345151872227685,0.9313416759542528
166,54e15082-0d01-4577-b266-ea662e079d5e,0.8033401804506575,0.9357837444722056,0.7613678117588674
167,550f96d6-0037-4093-be93-e38e7f43e89f,0.0,0.0,0.0
168,55b25d7c-93d9-4778-89ad-5fc9e0c7f052,0.996930194251878,0.6777184223664503,0.6763070576629898
169,56b89c62-0c76-4081-b909-9aba4f0442be,0.8854684589020206,0.9160075573083913,0.8189741547631282
170,5715e165-56c5-4b25-b347-3daefbe858cd,0.9955665266540087,0.6522212687306093,0.6503323899164088
171,578542fa-de7f-411d-bbd3-4c0953a602a5,0.9786175455330653,0.8851572909820316,0.8683628240633082
172,57c75bbf-2b14-4e66-854c-8d21d2770aea,0.9988918734198012,0.4676813590449954,0.4674388402711174
173,58b784a1-111d-4523-9289-72732e5f4968,0.9929920183162156,0.8734387708397132,0.8680876688299151
174,58fe6549-67c0-40de-917b-5ebf7df315d0,0.9535742834644804,0.8119356504593043,0.7810604121817936
175,59a6d608-0164-4a05-b823-5d17c4fce868,0.9927337055688498,0.8041876929025205,0.7994817554044561
176,5b5b6567-ffb9-4ce8-8061-91d9426f7ae2,0.9628036124205316,0.9995067426916463,0.9623463594654769
177,5b92911a-625f-4535-b516-80f8b35eb598,0.0,0.0,0.0
178,5bb8b31c-0a9c-4547-aeb9-90f223d51e8e,0.9743232056151685,0.947245264722313,0.9241749050472364
179,5bba9d0f-4d9d-4003-8c04-239e19595ae2,0.9798826734537311,0.8998539332019255,0.8835313031308913
180,5bbb662e-d795-4466-9470-85d6fcb0e758,0.9965533045775805,0.843557070183237,0.8411031183495435
181,5c3121bd-513d-4474-8b14-0a94c3468185,0.9856212968507875,0.6933070079279039,0.6863649172877332
182,5c93d329-8be8-4bde-8439-184e0a7e721c,0.9896832014033984,0.512212865545238,0.5094924394989248
183,5d3027e5-1726-40fe-b058-d3c4145cab86,0.9473542617024123,0.8408602498674578,0.8033228037751753
184,5e198b6e-9a57-4551-abdd-518ed668a990,0.9999999991108265,0.526933763136564,0.526933763136564
185,5e1f61ac-4053-496e-829e-ce823722a4be,0.9919634547379287,0.6078042581627567,0.604825962303642
186,5e718bac-9144-4d92-bbb7-bb3c861a9af0,0.9815685825876234,0.6497340940577098,0.6419026314240301
187,5e806d84-13ea-4c7e-8321-ce3a33a631e8,0.9453208362970781,0.8771917533092323,0.8348335933784078
188,5e9543b3-7ca6-4cef-9bbf-90708afc8253,0.9966204707402048,0.5654847722727647,0.5644025009015957
189,5e95ab30-2ae8-4afc-a1ca-5e02128c566f,0.9835139704984651,0.599346301860931,0.5933848803656508
190,61e45c3f-15da-4cca-a35e-654392d0024f,0.9736813368115433,0.45707126349609783,0.45149321725045555
191,61f926fc-ca60-4b14-a6ff-0d6eb857fa37,0.9855365873917266,0.7482465533660249,0.7401192877132092
192,62ea79a7-9e18-4ca2-83fe-59c3b3526daf,0.0,0.0,0.0
193,6408f45d-ace9-4735-b27d-610cd37b0e2a,0.8783704499198036,0.7659659807147652,0.6925146255092564
194,659ad140-13a6-4d3b-a177-64a9125c74b9,0.9769271786716718,0.9511996503587932,0.9303002736402927
195,6643e105-843a-4a4d-a2a9-5700d3fbb748,0.9757452136850342,0.8348296321838113,0.8178574959628251
196,6677741e-f6e1-41fc-8ac7-c57f2030dbf3,0.9999999968838615,0.2039116262223832,0.2039116262223832
197,66aff59d-189c-4590-b300-2a6069265e10,0.9937087966108542,0.7760780880739913,0.7722835686764661
198,673f5994-5148-429c-a6a0-a7080b018000,0.9065259040218074,0.5566160663723383,0.5264036355695136
199,677b6249-b31c-4bc1-af73-d7e851f5323c,0.8391530791149365,0.41328749345415633,0.38295089345363253
200,67e21641-6424-4f16-986a-45a45de788bf,0.9953096578608756,0.8091664523812746,0.806092698267174
201,6826ab88-5239-427e-8a4d-ccef09e3cb1b,0.0,0.0,0.0
202,69010dc4-bde8-4fc3-ba8e-090ed43db971,0.968138103582182,0.9410905026226355,0.9128189069702449
203,693375b9-5ebf-4fc5-929d-531b60a10016,0.8693127061238157,0.9110418798833189,0.801295904892953
204,697abd9e-1754-4592-8dd6-0457a5a80500,0.9023236172326019,0.9832195373731367,0.8886387376149766
205,6a081220-1963-482c-8365-093a2a76e8d7,0.9989680977647127,0.7952716123184912,0.7946188409929942
206,6a326524-09b4-40fa-894b-bc8ae2939be1,0.9858066867662634,0.7480565010904792,0.7400855828060029
207,6a7a70c1-db4a-4840-924d-cc1fd9f2e658,0.9963616017288808,0.8267207285309315,0.8242324343343175
208,6aa585b0-cef0-477d-899d-5d30dce48238,0.957015084924155,0.8124446714930037,0.7838411731741735
209,6b168564-c7ff-4eca-bffe-89ae4bb8b3e2,0.9974554687550583,0.35937287370810983,0.35904371408739955
210,6bbad7f7-950d-4a1a-9160-4bd5a075b015,0.9607597744062739,0.8339915731763033,0.8065193912616593
211,6c150641-54f1-42e2-96f8-2692a255c442,0.9033466472428475,0.5107002866670567,0.48424030620735564
212,6c7b24f2-1033-49f3-aefe-d17c53242900,0.8967427327395034,0.697027433856335,0.6452400529754768
213,6c95d7b4-aca5-4277-bcbc-ecc747c742c6,0.97317060540942,0.8836752686431762,0.8626590883577051
214,6dae6a5c-4fee-433f-a1b1-d246f7a1f842,0.9779129150891998,0.8734193852660226,0.8565227610469172
215,6f1746d0-0dbd-454e-bb4c-890098e209f8,0.9710621888290851,0.5839700405874723,0.5739813858991811
216,6f3f7e0a-7306-4bad-b4e4-3af6f629b9e3,0.9968334203989233,0.5950667476999811,0.5939440084338761
217,6f5bef19-7991-43de-aa41-326bb5a6c530,0.9831554425770892,0.612295472966946,0.6059388384838575
218,6f76aa15-9eaa-40ff-b569-9ec5fac491c8,0.9807124015883846,0.5887107910306661,0.5819726355360012
219,700e67e4-ee2e-481d-af93-54127ae212a2,0.9993480188682465,0.8685506269612662,0.8680587435269284
220,71097b02-237c-4d96-8ddd-bffca30b468b,0.8661007159772904,0.9477846990494821,0.826656652325477
221,72f1a9fd-0a26-4c7b-bf87-5bf7274d2b4d,0.9629875603687932,0.9738338319019589,0.9386989716190675
222,73157b5f-c67c-4b6a-b605-b450842ab61b,0.47962220190208055,0.9957525392428439,0.4786429626282108
223,7341af9b-c885-4aad-96ee-b2e353f76db0,0.9006607963588718,0.9977285633162976,0.8988178144613532
224,743ea486-2bfa-40b3-a789-b9bd01c66c33,0.8325036304396932,0.35901676390829157,0.33483100858369097
225,74b2e6a9-789e-45a9-93e4-6acc44176389,0.9166950609939134,0.8066778221633281,0.7515815655245751
226,768f8681-05a7-4867-944f-8081c7b6b499,0.9444788114371938,0.6228066696505968,0.6008099998360324
227,77168407-bcef-45b0-a1bb-a66649d07b16,0.9098553570637898,0.9487181866260891,0.8672052244344083
228,7779cc88-cbe3-44d6-962b-b9f0cbba91a4,0.9699958586053633,0.9141324381253291,0.8889950709184187
229,77a08f77-5323-43f7-81d6-0e310cd8f9d8,0.9417961804493582,0.7001463871918134,0.6711077864190262
230,7807a081-2ace-4931-ae3d-c894f6c6c855,0.9590410832761717,0.8871777348919807,0.8547899471390151
231,781b668f-0a7c-46ba-9987-1660ea1b5c0d,0.8341064837716177,0.7416794797524207,0.6463376213232922
232,78dcce34-6563-4082-b4e1-c6f3656c9bfc,0.9573919516834943,0.9018526066330796,0.8670523266852764
233,791f7e70-cc2d-4cd0-a879-8cd1855214a5,0.9577988192903533,0.7738674969176047,0.7483509319700465
234,799d06fb-71d6-452b-98dc-4fa9d0b83d49,0.9634183997628707,0.8854808465041522,0.8566774138808756
235,79af7c01-1fab-406d-9cef-4897e5ee085a,0.9708392208250686,0.7301780851826372,0.7145074232181656
236,79bd4120-c16a-4309-808f-2a6528a5a375,0.8977307132112629,0.8703980819650072,0.7918788881510856
237,7ac03dc4-9fc1-4bd8-9b18-5b5d8bae590e,0.8726142852012863,0.5275814437809465,0.4898542260246403
238,7ac2bf01-f0a6-435f-bc4e-9382943dbff9,0.7973656236752318,0.922941674552971,0.74759541676753
239,7bbaba99-59b2-41d1-b655-40d6e79b75d7,0.0,0.0,0.0
240,7d408a1c-dde4-4d8f-8cee-1636cac56302,0.9864801635174726,0.6413440768750934,0.6357559714230231
241,7d5fa62f-4789-4dc2-9c3c-b873f6276988,0.9985918694764754,0.6185871094281782,0.6180479990327651
242,7e879ad9-237c-4d15-8048-dee01a33b4ab,0.9326231905557752,0.24503736199725132,0.24077502325248623
243,7f883e9a-6f21-453a-919b-0e54fb884c80,0.932189876018476,0.6765725556891772,0.6448364169999712
244,7fb46d2a-85ed-4efc-b810-7832c56e998c,0.9999999989713733,0.47462980954659295,0.47462980954659295
245,7fcc03d5-adfa-42b5-abdb-c2758158b693,0.9999999944370271,0.18800200803212852,0.18800200803212852
246,83403712-23b6-4176-899e-374eca1d6ba3,0.5582969007783121,0.9441009637088068,0.5404323368812122
247,836bd94d-d566-4761-94a9-8597b3d08a3c,0.9194305676617416,0.8539811520338494,0.7945236731918548
248,83d69d4f-5382-467b-bb67-adf0987a4398,0.0,0.0,0.0
249,843ad42a-80df-4604-af1c-ea97c77b6fb2,0.9248398231774296,0.9523250922270403,0.8839154642968436
250,84e454a8-0100-4acd-9826-5d25f759aae1,0.770291595123449,0.5680545677894873,0.4857660984900841
251,85361565-5093-4102-be1d-80e6a9826d9b,0.0,0.0,0.0
252,85796fda-0db4-4f67-b43b-a65b923432d1,0.9630975148790082,0.9086021217460224,0.8780338863761036
253,8601fade-48af-405e-8734-f8ae41a572dd,0.9583502176386088,0.7314916727591165,0.7089536549662068
254,862d30f6-6d8d-48a4-bbca-e39252ec4a61,0.9549888225051346,0.8245096757063087,0.793666718801857
255,864a77e5-68df-434f-a6cb-176ed92ccef0,0.8841976358101461,0.6828855010713494,0.6268243719819868
256,87df08fa-a9c4-46fa-9ba5-13285aad2f04,0.0,0.0,0.0
257,895263ee-ecd6-4994-abfe-e0701571897e,0.0,0.0,0.0
258,8a92f8e6-1c4a-4403-958d-b84c553c3955,0.9979737733784302,0.8457134363243088,0.8442637630287618
259,8ac7f50b-2aef-4ecb-bc6d-5378fe1667d7,0.9296676505811328,0.405495406360424,0.3934262565756633
260,8b5c779a-2d94-4d5e-9181-483629b82c2d,0.8649795107660243,0.5254868004659266,0.4856504570418745
261,8b9683f5-bbda-410d-8701-c3498eb6e6e9,0.9962889742828075,0.9038753301241829,0.900842375452106
262,8ca42ac8-bc78-4f6c-b561-8d6c6dd07ae5,0.9999999939242967,0.062467739486868075,0.062467739486868075
263,8cc1715c-96fc-4d8a-ab6b-1cbcb37e5b04,0.9863683894311196,0.6857588222990268,0.6793207729611596
264,8d9b2a72-239d-4b09-b427-d3f08492fd62,0.989058265191911,0.6449092811051602,0.6403407764724189
265,8f2ecc2c-05f2-49fa-88d1-ea80494f4998,0.9979733936783213,0.857266445187436,0.8557766498899247
266,8f729d7d-6fc0-442a-be71-ea0e6895d166,0.97676290420964,0.9871875359217636,0.964535330758797
267,90fba977-325d-40fb-8391-0237894cd33f,0.0,0.0,0.0
268,915cc4a0-ce02-4151-9d5e-efa3e3b5d116,0.7328544062858386,0.816126647776272,0.6289990445614181
269,91854594-4517-4ca2-a573-d9bbeba652ee,0.946213388131576,0.7247308037431098,0.696055648748057
270,91cfb18b-5e9d-4fa3-a015-c1aac7756090,0.7630928005021028,0.9855756303059017,0.7546645358014765
271,9231a977-091c-4880-9a1a-88d1fecbec6d,0.9815081417268745,0.6168077124969593,0.6097222456590338
272,923293b0-74f0-406f-a258-d2f28e7ec7fa,0.9403797729418311,0.66363238512035,0.6368378171800062
273,92c94cff-64fa-432b-b675-1aa42f46e95f,0.0,0.0,0.0
274,9305d528-4402-4da6-8f26-a8b6267d5620,0.9717709732993777,0.8539876978766378,0.8333152031328986
275,932a017d-43bf-4dad-add0-1f55f635e54a,0.9999999978902064,0.19773636541887252,0.19773636541887252
276,932fd9be-e46f-40e5-96cf-1ca31d2631bd,0.9640453542850222,0.9514596317653162,0.9188538694430529
277,93b50391-b9f3-4dd2-b61f-4990e29ac3d6,0.9999999995208708,0.713799094378856,0.713799094378856
278,944b2397-06c3-4e7d-8190-f25694104043,0.9716165462597207,0.655503313261294,0.6431869512599342
279,94681e2c-b9dc-4762-a911-b3f36cd3caef,0.9506575120520797,0.8737074740960993,0.8358049657341872
280,9469dd00-5b4b-4d12-be11-988d05ad03e1,0.5708670745132214,0.978651151381351,0.5638453860490589
281,947e3728-3317-4fa2-9014-3ca8dc7d16c9,0.7141706760160852,0.3296139119612097,0.29119897374811016
282,948bc2a5-abbc-45ae-99d4-e8d499b84621,0.8366248485297145,0.9074445870533469,0.7708468621191717
283,956a0e73-63ad-46d8-9ddf-021413623577,0.0,0.0,0.0
284,9735422e-11e4-48b7-868c-8742174f061c,0.9533408957359877,0.8801120313302516,0.843766709879939
285,978bd2af-fcb6-4f36-ba70-72c0ecd97137,0.9999999982008564,0.2587146654006023,0.2587146654006023
286,985e405c-9f6c-4a66-aff0-02d05a67f916,0.9342687030795013,0.7978419711751096,0.7554371149719665
287,99ede30d-0295-478e-a43c-e07dc1c732cc,0.8577233779131865,0.8535873767130504,0.7477176243415542
288,9c915ae2-6cd7-4df2-8fc0-5b9fd3f6b331,0.9819826982273112,0.8631877410174564,0.8497300013422495
289,9d142e8e-3d1a-4802-9490-f9e64a2b0922,0.9999875550633538,0.33913318703578665,0.339131755858559
290,9d94d44a-1dc1-4ca2-b5a9-bd79af0f7856,0.9191026427220002,0.6049058765248623,0.5743272788738191
291,9eda2837-151b-41af-a33b-61ff531ffdc2,0.9933648261844626,0.5725522746401573,0.5703709714188565
292,9f0aec9e-a453-4ee4-ba7e-23f9f18b177a,0.9950382441578293,0.7957329063430529,0.7925879810012801
293,9f872eb7-4761-40b5-b1a6-1e357b71d39a,0.998261401803704,0.8309260173104966,0.8297252704662983
294,9fa10c1a-1a63-4ba9-8db5-bd6e42981e63,0.9597167535954101,0.9558231639750931,0.9189548638078808
295,9fe70641-0758-432f-a534-60e8ee80f85d,0.9850595748144452,0.8022030993358567,0.7925599936500657
296,9ffc1dbf-b7f9-4efa-b0a8-542af4a2b614,0.7996252909533487,0.9918480677050916,0.7944044127643871
297,a0096fc5-2eb7-46b9-90fb-21971bc7b5d7,0.9588102881555947,0.7013937429339439,0.6808779999089212
298,a0289f02-51dd-42ea-bda1-d2887bc54ddd,0.9449545953575788,0.27148998713944517,0.2672632698387435
299,a0515741-01e6-47a3-8d7b-c6ef48981d37,0.7843486161753942,0.32743694005674834,0.30039353536181684
300,a14844d4-fd98-4506-b1af-80c9c3be6b71,0.6593143845320079,0.08777973437106934,0.08397096523882958
301,a14a8d7d-b399-4bbd-9190-e97886e441b4,0.9066875195939779,0.8737147448555748,0.8016326870613716
302,a1eeeb27-bd6f-4da8-aa82-232c950c6cf7,0.9851742550747364,0.8674446194838283,0.8562668704236276
303,a258b26d-b99b-473c-837d-70fda6ca7e81,0.6086648903272589,0.34767208282321616,0.2841543856922195
304,a2694811-2799-4ce1-be48-ae79e77ddcde,0.0,0.0,0.0
305,a2d86ac4-07aa-4b09-b979-217b065a55f4,0.5843843865880896,0.7654368311771282,0.49562708346978945
306,a31e44a4-3677-4ed1-8542-3906042bda88,0.9364112486705812,0.9445237975610281,0.8875938404257472
307,a331e623-fa9a-40c8-bbd7-86b9627e10db,0.11459777352883942,0.48857368006304175,0.10232327854586919
308,a386862c-4edf-4314-a4ce-a948e1e9d636,0.9900334427598807,0.7760561337750856,0.7700402169501531
309,a3ad8469-e15b-4032-b7d3-eda59653ca4b,0.9595824054460123,0.6712314341702836,0.6527759843624075
310,a3f7f558-1d8f-466b-913f-c76e7791066a,0.898993108957401,0.8319151978105023,0.7608027285598479
311,a4421eeb-2e66-4692-bc03-ddf6207ebd75,0.9894452204546681,0.48644540891546706,0.4839342290119108
312,a535efd1-6569-447d-a14c-ff0468a366d5,0.0,0.0,0.0
313,a5bef112-585e-40e5-8dd7-a620a8a548f7,0.951847765217113,0.6943355119825708,0.6707744512692754
314,a6da493e-84ea-463a-a49e-1bea67427957,0.9993393295476067,0.6972987828122091,0.6969774839835893
315,a7b128c6-300b-4585-bf12-1a601ed42c02,0.9999999915081523,0.10374873353596757,0.10374873353596757
316,a880180e-6c93-495e-9b91-bdb1bcf59abb,0.945220038869865,0.6188178528347407,0.5973932906346576
317,a8de63d8-aeaa-4091-a05d-8021d41a7257,0.9697465424787791,0.7139212694537687,0.6983669586744624
318,a938ddc0-d6b4-4ff7-87b9-405df9976b36,0.39983808275768634,1.0,0.3998380829015544
319,aa013172-865b-4942-82fb-59dd632a2be1,0.9575630609895672,0.8693793718719822,0.8371258785158333
320,aa144804-2cf6-4116-99dd-82c5a7108275,0.9082603529283287,0.9085867953712559,0.8322124767794578
321,aa2b31fa-1e95-42b3-8f14-27f8bb032298,0.9928592649487815,0.9543304496847317,0.9478249283285839
322,aa768797-bb18-44fb-8514-11d0ac273109,0.987131012363134,0.8490148656174664,0.8397205027560678
323,aa7e2854-bb60-4a9a-8614-bc14b4f01267,0.9441882038000584,0.9222806587480222,0.8746002338719903
324,aa9c0cc8-c1f8-4cb8-a83d-1cdebc291f1a,0.0,0.0,0.0
325,ab355d07-5db8-4f73-b9ec-e9e49ef44044,0.9288400971706187,0.9525774227591979,0.8877880233174351
326,ab35c9da-d159-4526-932d-da0b97a64886,0.8909290436152636,0.9275573748046589,0.8329694184286508
327,abb40c6e-83f4-4ea9-93b5-733d4d6cde7b,0.9578321875150945,0.8977989531606496,0.8636627719320896
328,ac0231bf-30e4-4684-b2f7-ac2488455ea6,0.9988669024308445,0.9567727513338334,0.9557354474006559
329,ac5ee7eb-1b92-41a9-97a0-023078f21c95,0.9991480968399621,0.7741211323491601,0.7736105198973781
330,aca230ad-3d5e-4712-912f-366acc0fe7c9,0.9637948805577145,0.797821892393321,0.774606685712433
331,ad2a8bff-e34e-4505-b6e2-b0ac1e4e4ca9,0.0,0.0,0.0
332,ad823278-2819-4c36-8ace-713173012c71,0.9765914796177221,0.9042606347913351,0.8850767921946088
333,adb893d7-2fcd-4dc8-9c5f-b0eb70b54b9e,0.9972956859168739,0.788377853991155,0.7866960535029143
334,adbd165e-bb6c-4a33-9403-59c058be9ca6,0.8856564479606165,0.7298740089925486,0.6670199790916482
335,ade45978-71dd-480c-8410-ea13112816f8,0.9848917432015059,0.9073713556204115,0.8949149517668948
336,ae6d0fae-d2ba-4dbb-b226-c47af63d27f9,0.9478302038258275,0.9418313034157437,0.895413422119192
337,aec648fa-ce01-404a-9cd6-e630e780c443,0.9461393341412283,0.6109427559058483,0.5904089219330855
338,aeec46c0-6d23-4e61-a255-6437f0646dde,0.8871894191015152,0.6865107286071402,0.631394253786703
339,b05b0f66-9a6b-4506-bb57-37dcda208ea3,0.8951796788504367,0.8511127038324734,0.773977815561493
340,b07b7b68-c34f-4720-be54-8527c1a236c8,0.9772965909090477,0.3630005716014929,0.3599650571156116
341,b0d40d34-30a8-499f-86b1-0551e0ce66c6,0.9999999985604261,0.7727176657730513,0.7727176657730513
342,b127178c-0034-47f2-94b0-865733007a26,0.8202383396644056,0.8384586754241926,0.7083043574757713
343,b2ea5b19-09e7-4a78-bc51-ddde56bb3d9e,0.45750188022285054,0.9404749873673572,0.4446270646300269
344,b2f833ff-d7db-4592-ac5b-134349047502,0.9508351677981635,0.706828271668623,0.6819059934559847
345,b338b188-f4e1-4552-a476-08c9f70879c3,0.9226957675631564,0.7660322414970905,0.7198341298847343
346,b3449690-ef7e-4a7d-877f-e059f2057a3d,0.9521226944529155,0.7416504153301273,0.7149859114910141
347,b4ef2b99-81b3-4055-b57f-55ccb5aa2164,0.9839339833129113,0.9644365704398274,0.9494844166377013
348,b4f36e8e-216e-4358-954b-5f6ff8a2bea7,0.9928355792738955,0.7488422191216773,0.7448174232219219
349,b5600525-6fbe-437c-810e-1842e2603258,0.9540562305513084,0.592766104914582,0.576314968490672
350,b569e7b0-8e11-4663-ac97-fc8be9d1cb19,0.9176829237881663,0.13329739200754767,0.13172239927698234
351,b5a8edbb-e9d0-4d2d-bd50-674f5b6c7f04,0.9954690515110205,0.4653073480509441,0.464323965930535
352,b5cadf9e-f7ff-4619-9f4f-f811d071177d,0.9799871727122671,0.7483071892400475,0.7370440000759604
353,b5df532e-8543-4031-8c00-0c27740ff906,0.8821035278017506,0.8719005370498015,0.7809000633847454
354,b62c6ad4-35f2-4fa7-a600-b18fc0701b3a,0.9804033056554398,0.6728663281283463,0.663936697269248
355,b62ec1eb-1398-4085-a67d-6d530c81ee3d,0.9777926737245608,0.38842514377023396,0.3850285026027702
356,b67d3e8e-fac4-42da-9916-61daae66fa1a,0.925551858572057,0.4107949085482061,0.39765522689005756
357,b6a24b11-cc74-4a41-81a2-373ad551ea07,0.0,0.0,0.0
358,b7153ec2-df7d-4a45-95b9-8cc392ce84ae,0.9973816135436911,0.5713409711530402,0.5704852897775076
359,b757e092-001f-42a0-9d53-baf082fb799d,0.9956105567635072,0.8556479512607483,0.8524322559582109
360,b837ab8f-1a66-4c9a-9193-992c9d14f438,0.9999993827164304,0.0006426684227647437,0.0006426684227647437
361,b85ff358-03da-4e71-8e23-0e340ed3e8c3,0.9999999989840083,0.416792645383674,0.416792645383674
362,b8f040b4-f999-49a9-ae1d-7deae64a1b40,0.30962959382979155,0.9205756357170984,0.30157340265426186
363,b9ca951f-538c-4b12-9c33-f82d44f00ef1,0.972705511399383,0.7510953801860225,0.7355920255685512
364,ba123103-d6d4-4321-9ffa-43794a07cca7,0.9378274944540025,0.8893169192976579,0.8398049294846448
365,ba4ca78a-12c5-4e2a-a481-797aa43dd1be,0.960660457826438,0.7919292263679117,0.76705374200515
366,ba994efe-e329-41c4-9d68-9b13b7703811,0.9497622466439626,0.9053012280933966,0.8639310403686951
367,ba997558-7845-435f-8a18-030188a4e202,0.9956139512470946,0.8092521494619586,0.8063773693832387
368,bc2436ca-f310-4f1b-9ad4-5e82f8fc5e2b,0.9986826303200529,0.8696359273524596,0.8686394737891748
369,bd01cf2d-255a-41f7-90fa-7aa1cbf00cf6,0.9999999981990095,0.30166629541293377,0.30166629541293377
370,bd775690-c35b-431e-973b-7fd86a0e2b8b,0.9888329167540442,0.621922279490745,0.6175846800699517
371,be051759-f5db-4d7f-bdb3-560ded0e86b8,0.9999999977818198,0.3023770557776406,0.3023770557776406
372,be5abb91-42b0-4341-8e6f-4a8b102e24fc,0.9066429509760191,0.6548425900333623,0.6134763929715024
373,bf2947f8-7bb7-4049-916e-921fac354a46,0.9850772170994171,0.9273322315284275,0.9144855273638025
374,bf2c4745-74eb-4a8c-92ee-6ab00e393ceb,0.9976918059158236,0.4619016178216084,0.4614085452098559
375,bf9def75-85cb-445b-b57e-5300221a390e,0.9993559773307665,0.8306745893668085,0.830230152573054
376,bfbbdc43-5a58-460a-9251-eabb0a237a41,0.9978105101841008,0.6432958139496823,0.6423890305288619
377,c01e3cfb-82e1-4a99-9c48-a76a94314636,0.9769879205606662,0.5918369890846841,0.583700097530591
378,c02c3119-2602-4a84-90f7-67c2a57db905,0.0,0.0,0.0
379,c063ba18-8752-4f79-a7db-9f27a7908177,0.716853675480113,0.7665104869142672,0.5883742825913648
380,c093a4fa-b090-4d4e-8861-9c095861d530,0.7389726962776488,0.9189956169675358,0.6937822478127571
381,c0a7c370-373e-4137-b9dc-975e649c831e,0.97501695508485,0.992683045016233,0.9680597614425285
382,c0d0a539-7dc2-474e-b113-872ed7dbfce4,0.994087122412439,0.32926536811532414,0.32862176716973607
383,c231c47a-929d-4c01-97ae-0e7b40c3a0df,0.9600868110842403,0.8911206766215171,0.8592874325187704
384,c34474dd-22fd-45e5-8e6d-1a08683b1b05,0.9575904555264152,0.8709272259975268,0.8385819277153405
385,c36da8ce-8598-4afd-9195-850c9ca3e731,0.9187843763993642,0.7436326354413987,0.6977662635758348
386,c3d12a5f-867b-4bcf-88cd-3a8bf32beabd,0.956762360029131,0.7666840086933902,0.7410097323600974
387,c40f03f0-602b-46bc-b308-2bd1d54ec8be,0.9739607936844632,0.7708755775687265,0.7553089274663713
388,c5380cbe-127e-4e32-8cd5-cd2244b0a98c,0.9743557438749119,0.8492386841764731,0.8306721029153994
389,c55c67d2-0633-4739-8ebc-c0fb42361eba,0.9990964332571908,0.5974696007876978,0.5971469375182517
390,c56c0917-5441-4ba9-84f4-5bdf726865d1,0.8688460636643572,0.3751913890249878,0.3550810740316761
391,c636cacc-9a13-4606-b83e-10ceb3632b3c,0.9815171625138115,0.8432676986776149,0.8300863611905098
392,c64c5083-e84c-40cc-9abb-67222017bd9a,0.9118885382530632,0.43245288690172673,0.4151072687179276
393,c6c4a2fa-0473-4ceb-a4d9-3574e59c52a8,0.9943962190677269,0.7509501371289989,0.7477856025673234
394,c9ed29ee-8e97-480f-9fa9-7306f633aa0c,0.9266653947537867,0.26604451386177275,0.26055864041729765
395,ca05945b-d1d0-470d-8b19-6f66650f9c2f,0.9600537412115077,0.8595695725329866,0.8298883843774308
396,ca384445-8271-4b96-b396-aae974245dff,0.9186511875950611,0.52740079573537,0.5038687969416211
397,ca780387-e5db-4d3c-829a-b29ff550214f,0.0,0.0,0.0
398,ca93dd00-7538-4ccb-ad0f-b76037d1ab9a,0.9977443276840945,0.5391645436532007,0.5385081412926827
399,caf75736-cae1-4c16-a20f-c8fb32a23094,0.0,0.0,0.0
400,cb474d23-e76a-4256-a120-c259059a4f91,0.0,0.0,0.0
401,cb4d8cc8-4d29-402d-aed7-433716065dd7,0.14721749587748603,0.6752480430179162,0.13748334746275886
402,cb83f7da-b338-4499-a553-9c5af7393314,0.9615031238126615,0.6655982569598811,0.6483209126874597
403,cd693ed4-e5cc-46d6-ab36-085b11c227c7,0.9214879783884652,0.6319603534527093,0.5996717044748751
404,cd8f0943-81c7-4198-a81e-9a6b8f1ff6af,0.9708357708227059,0.8626933421318376,0.8409008956329367
405,cdb997f4-6ef0-40d9-be6d-06bee4b9f0ea,0.9617478978675776,0.39964759343410927,0.3933944351128314
406,ce085906-e90f-43b3-9b1e-f93cc1df4588,0.0,0.0,0.0
407,ce9f4e9f-3b35-444b-be02-b35320f31a9c,0.9958315617491754,0.9129325299387397,0.9094571015920456
408,cebef35f-b5e0-4b04-b007-76a61234a8d9,0.9723855982812667,0.794586860948862,0.777052542925451
409,cedfd8c3-05b5-463f-9abb-78b093b6515c,0.9752753278438643,0.8618173105811393,0.8433906227902372
410,d0516797-3d02-4481-84ef-f137334e277a,0.4836336929377783,1.0,0.48363369307652143
411,d17a2e84-5a3b-4954-85a4-ba89b219a38c,0.9252197756865269,0.9370738338103816,0.8710983114228086
412,d1ad0ecb-bb88-4772-9599-93f9b25db2c7,0.9554093328672983,0.7601367234653553,0.7340933354603576
413,d23261e8-59ae-4862-908e-2110940e494e,0.9765226720163583,0.842995360903201,0.8262496797356157
414,d2380052-5799-4b90-99ab-22b33c1a6a06,0.9571626398171025,0.7564915796744724,0.7317182192025746
415,d29ea4c9-4336-4c53-bbee-a6ce6ee4225f,0.9869893744106559,0.656105459088707,0.6504795465921098
416,d3a82b6b-9d93-4adf-9439-d96caebbad18,0.9874938881406725,0.9387857937169863,0.9277554787610809
417,d4243030-bcec-44ed-a659-e0cc518581ac,0.9999999769585258,0.029191188834706575,0.029191188834706575
418,d498a72e-81bf-43ad-acc1-cd15bbb200f4,0.9836839281292105,0.2984028240637883,0.29693314828234196
419,d4e2c618-df22-4b55-8126-522130d5da6f,0.0,0.0,0.0
420,d55a40ef-cec8-44f8-8e70-11d4097f798a,0.9324916152205811,0.8453112274002776,0.7965639817789737
421,d5e7cb6b-47b6-46cb-bb17-d6bd9d1b1a28,0.5400210882453875,0.0387950630588156,0.03755409403193076
422,d6bd202d-7f0a-45f5-9020-6941803d853f,0.9965783633558011,0.6107350096711799,0.6094570467237242
423,d7186eab-5571-42c0-bb42-7a906145fb7e,0.9999999884044529,0.04813332663574614,0.04813332663574614
424,d7cd5313-5d30-44ee-ba41-f20102b649b4,0.0,0.0,0.0
425,d8148e36-1436-4737-baab-36067020a028,0.43743501620409425,0.9736878699988081,0.4323245598560491
426,d886cf24-570d-4812-ab15-798d82d4163a,0.9880922469861778,0.8180674235202358,0.8100810451772799
427,d8891d8a-1ac0-485d-9026-fcbf1b92d481,0.9118973168246879,0.918709543629927,0.8438120720148746
428,d9dd6bf4-9326-4f8d-91c2-c672d59c0549,0.9597451485897798,0.8094575120295059,0.7828777964139756
429,da4f359b-76e0-4615-a53d-b3865e5ed4a7,0.6883077693294907,0.8003344716283857,0.5874349774245051
430,db7f4964-db61-415f-9af5-b2b724ca688c,0.8557341020666877,0.7511362403404501,0.6667094689309064
431,dc2e8e52-5b33-437f-9d28-edfd5a6df514,0.9996182809110187,0.5897575769708131,0.5896247892285138
432,dca6dac7-38f2-465e-8533-88717a9ea185,0.9316164932639841,0.9105308459003703,0.8534873728934931
433,ddb67c02-23e7-4c9d-a7c3-8eba385342f9,0.988549022599943,0.2009647145179049,0.20049797566614708
434,deb6e58a-5d1d-4c2d-93af-af103f4bf493,0.96600910855329,0.8841503798454646,0.8574739086993393
435,df471d27-772c-431a-b460-8a64b4a0580f,0.7575940184694613,0.8504534596114411,0.6685334441213129
436,df62ef5c-7070-4fe9-befd-2b33d0b946b4,0.9854153034458493,0.8763345260831705,0.8651137927422589
437,e1164321-8929-45ec-876c-f68e7a8d66c4,0.8247990934170711,0.801784718733008,0.6851032296576851
438,e148c79a-d37f-47ad-bdb6-07511938c9b3,0.9151755569821528,0.6048138031378255,0.5727088397000143
439,e17b8f47-19e6-4925-9a51-013cf5a3094f,0.9456015211861143,0.9345627490788782,0.8868809761666905
440,e1b8ab11-b3ab-4bbb-a8ee-c22fee4d50dd,0.9527007751850199,0.8620818882159739,0.8266989879812174
441,e1ba8b30-19d3-4a16-85ce-b8aef1a5b9bd,0.021023499657643475,0.034546034785383754,0.0132428051503196
442,e21c3591-3fd8-4a47-8b92-d736dcc975ed,0.6251722106439107,0.9841604901878211,0.6189445178291803
443,e2eeca3c-07ea-4b46-b3fd-dbef6627e7e8,0.9503831811312639,0.7221960756715388,0.6959558839112762
444,e310563f-3e26-43a2-9ce2-ee0965bff8b4,0.9194633863498233,0.7356890122589023,0.691151452746564
445,e3133fc0-c323-4ebc-b052-cdb75dfa0eb5,0.0,0.0,0.0
446,e3c03fb3-b89c-4d52-9c96-285e6cffe603,0.9534611236286515,0.764550622631294,0.7370455086235349
447,e4153983-a619-4767-95ec-357c2450c0d5,0.9656619127511673,0.6525324952589042,0.6377348276082453
448,e52f3283-de16-4393-801d-a16e4697b601,0.8771087050877284,0.669444665446734,0.6120381876041825
449,e5ada9a5-d7ff-47f1-b24a-a484e50bffa5,0.9552892951214457,0.8361936139886595,0.8047003525264395
450,e5f07d5d-dcaa-4063-96fa-59f603dabbd8,0.999999999138488,0.40100116422478865,0.40100116422478865
451,e6a20b2e-92a4-4095-b60c-973e6766d965,0.7553544018447702,0.8851286295167541,0.6879182179124046
452,e6ef2dea-c60a-48f1-a6cc-00e0332bf4fd,0.9887882160332173,0.6901495327102803,0.6847906723707312
453,e818e17c-228a-4ce6-90cd-ca7610f1fe64,0.9971437914210548,0.42639285145331574,0.42587270973963354
454,e884d5e4-0713-4fa9-94a1-61fb0e83a9ba,0.9473082149444563,0.9558179290720422,0.9075670217495442
455,e97634dd-b44f-424c-b757-6151d969f8fc,0.9999999988001967,0.7769108873974646,0.7769108873974646
456,e99852e0-7fef-42cf-89a1-172884dcbbda,0.9999999989826439,0.4571728898067013,0.4571728898067013
457,ea8db9fc-34d2-4607-8817-b12fc0e424c8,0.9976711571661316,0.7496178031879819,0.7483084006295692
458,eb1a33f9-93b6-493a-859b-17df84b3fa4c,0.5342551852448841,0.945994010808082,0.5184425971804771
459,eb327843-ebce-4576-813f-c545a25c1906,0.997926323660243,0.4567623148135411,0.4563291922051508
460,eb7b2af3-a301-4eb1-9a20-cf0cb89ced00,0.9052913724779711,0.7413318880834632,0.6879754554942222
461,ebb0a6cc-bb2a-491a-bfa3-086bcbe00cc1,0.9822322815915017,0.900108162002644,0.8856872560999646
462,ebdd6275-66e2-429c-8534-8018163201cc,0.9528833927433699,0.4276481081939346,0.41879247422963295
463,ec83565b-1b23-4f49-b5f6-409d8ca5b374,0.0,0.0,0.0
464,ec85d878-96d0-4a91-8495-6590a82defa8,0.9096364505297501,0.4581175830385734,0.43817638038652024
465,ece78d08-e475-49a0-b9b9-978d00a8dc62,0.8973635345356086,0.6758838007159904,0.6273841254456713
466,ee7e5d65-ec0c-4a12-ab83-7eb97fcc53fb,0.9940872005348953,0.6129982739779192,0.6107713442556223
467,ee88665a-d3a0-4845-b229-84ecf7774df8,0.9881273582886324,0.8411443642624272,0.8327283145179131
468,ef68de0a-92f4-484e-9deb-41dde16c393d,0.9857472458515913,0.35895008880427964,0.35709675712849814
469,efa81ef3-47d7-49b4-86f3-a6cc93e06f17,0.0,0.0,0.0
470,efb6e573-67a2-45b6-85fd-d0dc5b82bd4f,0.9999999980529974,0.6836374768731116,0.6836374768731116
471,efd3d5b7-624b-49cc-b5f2-486556787fb2,0.9997657394807429,0.6895668231130261,0.6894554238370348
472,f08c522a-4741-4bb7-b877-bbfb5dd2661f,0.9181141536342884,0.8441706005255112,0.7850625493147209
473,f08ee7e8-81b9-47e7-9975-f5ff11af4b09,0.9999999970288499,0.13660439234849808,0.13660439234849808
474,f09b9b5e-823a-4ff9-8c22-2a1a70a4a6ed,0.9999999992853722,0.8758676806559634,0.8758676806559634
475,f0d9153d-6497-4a70-98b8-882c5972eca2,0.9999999989920269,0.41325030199525137,0.41325030199525137
476,f115a983-e6d6-4e24-93f3-63b8a22f4113,0.6286961821725751,0.9573527999231582,0.6115682758714727
477,f155888c-4eb6-4cfe-8ad7-3441d2284142,0.622338972836432,0.6204116461432081,0.4507195801691935
478,f1d6e617-8f87-4a47-8ed0-9e7199e8e127,0.9794121508691508,0.2635235024847265,0.26207177525064657
479,f344345b-4242-4284-9e8a-b478394981c1,0.9683586701698347,0.6185500029178905,0.6062959996949243
480,f3767881-804e-49da-8465-e1cbb9a578d9,0.8534202286945353,0.6967206884611812,0.6222577567252608
481,f390f115-f518-4965-aae0-48404771f794,0.9986408151477693,0.9443379108416842,0.943125733623465
482,f43968c6-09e6-44f8-91ac-986c6236ffcb,0.9641724963745949,0.786300944663854,0.763979000249997
483,f4dc7801-0d73-4e47-9e17-b8266a5a387e,0.953174508249519,0.810443513721019,0.7794122198494073
484,f70430e5-b1cf-4b7d-a003-3d02bae9268c,0.0,0.0,0.0
485,f726c27b-2a09-422d-9352-53256e1297df,0.9262644146013299,0.4356356974960548,0.42103466848692667
486,f84a90b7-8af4-48d2-8668-b31834051346,0.9701780116131826,0.6978047973739632,0.683151474409949
487,f863c9f1-564a-473a-a419-c0d0a9519ff9,0.0,0.0,0.0
488,fbaa2d36-0e20-4f89-9d48-07e6f9188d39,0.5538127761420629,0.9227584395113622,0.5292765031538278
489,fbf4eb8e-443a-472c-8f6d-20084ddb0ec8,0.0,0.0,0.0
490,fc00313a-17e0-46ad-8e4d-a1a5b5f7dd3e,0.9776130549923578,0.9907175368718346,0.9687397080640434
491,fc3a059d-1baa-40bb-9153-cb98f1c08b46,0.9999687458003463,0.7566541722339809,0.756636278717794
492,fc7245a4-9e1a-498e-9252-0ea2d627c4c7,0.9974809481956741,0.9055333223339639,0.9034672322245489
493,fc8b964c-e47f-4cc2-bc4c-e74b8a4df17d,0.9356383373267427,0.8008702877260306,0.7590532131244697
494,fc9d43d0-2295-4a9d-8a69-5bf3ac9f9565,0.426272903741896,0.010015791740441211,0.009882570696029502
495,fcb86d14-3865-4a37-b9d3-aecc6cda4dc6,0.9232197772349604,0.43966127177854425,0.4241522554085545
496,fd96d19a-ddb4-442c-bd2d-b1ee3cacdf0f,0.9506630874137676,0.8083191467291487,0.7757756409505627
497,fdc7ddba-978f-4536-8a5b-52886cce6133,0.9999831234363271,0.8462716729983718,0.8462595866836145
498,fe8bae9b-e673-4d14-8c0b-094aec3305a7,0.9863007721350014,0.602978791431312,0.5979707413311726
499,feae4e03-0901-4248-89c7-2bb06461cd00,0.8440830766971045,0.9416873857318099,0.8021555227262719
