,image,precision,recall,IOU
0,01174ba8-8544-4c99-82ae-3c551808f686,0.9698160857328766,0.9385843390971336,0.9119447214401742
1,017ec468-cc77-42d7-bc47-da1a978ecd32,0.9441733538095607,0.6382820884376282,0.6150693418481628
2,01a64a17-2f19-48af-a205-7f6e2b97c75f,0.9028431973705517,0.7464931448912698,0.6909851642212236
3,01aa897a-9d5a-412e-b04e-3416f3436130,0.9716675426481017,0.8671097384922746,0.8457266410343595
4,03cc1b9d-2496-4d4e-a912-ce52272bdcd3,0.9954825883795935,0.8135748840726196,0.8105822708910678
5,03ec0f32-17b4-450c-8d70-698a7e0346fd,0.9505886242990776,0.8309810356709093,0.7965736726083592
6,04f7c089-314e-4e9e-89dc-30db1731c700,0.999000985083081,0.9463563176581548,0.9454615619623418
7,075b0cbb-99f1-473f-ba04-97132aab0d49,0.9962171290190583,0.8391337973704563,0.8364684840261503
8,075d44c6-49c1-48ab-a77c-0db3fdb80973,0.7770817563795523,0.9597479096583732,0.7525552132881976
9,07aaa697-9563-439f-99b7-69af47771f2f,0.9704905583918925,0.784650357132763,0.7663659021358488
10,081ebba5-fa00-4fc6-83e1-5551c90d56cf,0.951722847878305,0.9078288790254038,0.867863269011499
11,0846bff4-1ca4-4307-b494-f79e0df719ed,0.6788904170661777,0.31239251767831977,0.27217603435872195
12,08c79ae2-1fc2-4dba-a278-ae2980a81b64,0.9636768144351533,0.9052757619738752,0.8754052574700706
13,0909abdd-9b61-45c9-b9ca-6b35183b848a,0.9999999945922561,0.09301810865191147,0.09301810865191147
14,09164208-2249-4e16-aef4-4058bf19b8ee,0.9797541289235863,0.9362962101643674,0.9185247350902995
15,0a1c697f-817c-46b7-8a0e-ed34e05b85ea,0.9999999991289122,0.4077798537947301,0.4077798537947301
16,0a5c2a82-82d2-40a2-a561-38f4fd8df22b,0.8401923498503564,0.9319973385359692,0.7916602804812629
17,0cb025e9-b108-439a-aa4e-a9322d446cf7,0.9578384496232264,0.9912856087215529,0.9498404539031868
18,0cc8aef3-07b3-4d75-a440-c6ea647ab3bb,0.6615606754472421,0.4196149524591867,0.3454572308074998
19,0d037949-cced-45ce-98e1-4a5b2eb4e53a,0.0,0.0,0.0
20,0d04ed22-d573-46fe-bb17-f28b45f852c0,0.93210040919941,0.917477240603675,0.8599997150773921
21,0d0b54b0-1236-4fb5-9907-aba7fd73d61d,0.9838221964179035,0.8028415441492563,0.7923807018511526
22,0db5b8ac-0ef3-491d-9797-f9376c883b6b,0.9999999972837159,0.1420200290096596,0.1420200290096596
23,0dc03eab-8426-49b8-9e54-7c6ad30978ef,0.951408141361902,0.911939821550209,0.8713555079689679
24,0e66f0be-337f-4789-80b3-73e7924675c5,0.9674196079899212,0.8107808568543211,0.7892307756390764
25,0e969251-7f84-47bf-846c-63c8373cdbd9,0.8661189860691287,0.48160476117525264,0.4482360820065242
26,0f683a2e-11ca-4c63-ae3d-2fed97c3a412,0.9891905075402974,0.802103222104607,0.7951338151791231
27,112da14b-e403-4696-b96d-b4622225c4ee,0.6468946221430941,0.053527811942418624,0.052008236039968354
28,118c8e84-460b-4fac-8fd4-d696c3b8d1d9,0.9999999993505438,0.5044622673035718,0.5044622673035718
29,11af2b8e-2e30-4832-8135-caa2364f6d1c,0.9954853194260147,0.9900678342952622,0.9856421913468771
30,1214f4de-8399-48ea-a2f6-6e31843bc3da,0.8707188469635742,0.7384004294149221,0.6654444310073769
31,12ca77c4-a0b8-4939-8238-0acc68860c7e,0.19948027940395344,0.21070480684163964,0.11416824405713022
32,13889795-fad8-4aad-9a56-99a3ac1e8470,0.9654516039974755,0.9670253158379344,0.9346809520964298
33,1441cc1c-2706-4d67-9ccf-0e9e21da73c5,0.9986199697937469,0.5225778237826431,0.5222007064134483
34,144331d1-3514-44c3-970b-5e9d8323d17d,0.784780442856738,0.8274375735032683,0.6744033633676476
35,146da3d7-a058-4449-a0bc-b81caa59cee4,0.9708313378259982,0.6960049374839635,0.6817485574163573
36,147ee0b8-ddb0-4991-9fea-4ccdf7e84f74,0.7796252060364227,0.47809187279151943,0.4211739654153452
37,148cdf0b-3d87-4ccc-a24c-00002b52e8a4,0.9833915483969196,0.876821639770142,0.8640266175634002
38,15095922-6448-4246-8a0e-8bc05801111b,0.9743361965267172,0.9239966038645907,0.9020428040662573
39,16720016-32c4-4e42-aeee-3154459772f9,0.0,0.0,0.0
40,17a0222a-58f6-4889-be75-2048477acceb,0.2195298654824913,0.03677283637638556,0.03252119781045401
41,17ed993c-e77d-40bf-aeaf-4a762077d3d1,0.9999999980120866,0.2625058706883056,0.2625058706883056
42,18039481-8de8-48fe-973f-5405f5a348d7,0.9634749311415075,0.8803185064213446,0.8518887377088272
43,18469c02-9308-4ac9-95c0-7bbed2fa5d9b,0.0,0.0,0.0
44,186e8409-96d5-42ab-b088-8fe532c5585e,0.9772293120541807,0.4495051495917047,0.4448458157402921
45,18c1712e-f83d-44e7-9c4c-249c8d06d564,0.9264912823006964,0.966973420270474,0.8980727328855881
46,1a694598-ab89-4978-a752-2ddcd452a60c,0.9404324809070421,1.0,0.9404324814758809
47,1ac3fe23-5c09-470f-ad7b-2574f6807737,0.9752324459465674,0.24266163474036564,0.24117532632713018
48,1b7958e1-14ee-4ab9-a611-15c818129409,0.969581866586777,0.8371018907201268,0.8156805572127431
49,1babb9bb-1888-44c8-9342-f2d02c4fca63,0.940348658563471,0.7903037978368779,0.7525748187577106
50,1bd8a36c-f71d-457d-ba93-33c8c21bd926,0.9519729078304747,0.907089632275453,0.8673952592434052
51,1c0c56c3-1f4e-4e4a-bfe3-915984b21f69,0.991126545356398,0.9549663700919864,0.9468708928849139
52,1c73e321-8d55-4e18-8695-4343ebb7ff00,0.8611653910233737,0.9999472325502102,0.8611262583892617
53,1d22c491-6d14-41ec-a61b-1e10dc9c1eee,0.9445574137292597,0.8442397495312556,0.8043793344625055
54,1df87a0e-0790-4fcf-a884-a42a4718b742,0.8468705303426978,0.8121853998916932,0.7081831939343037
55,1e263b4f-de16-4955-ae24-95c74e7337e6,0.9999999577345748,0.012569928862490504,0.012569928862490504
56,1ef2a1f5-9da5-44cf-9a4f-6cc85234d295,0.9887846052410266,0.8727326740787281,0.8641781204037126
57,1ef657fa-8875-4824-9f3c-d11fc0e7a23c,0.9611530930430059,0.997898460622406,0.9592115009090297
58,1efd9a55-575f-404e-bf3c-1390f94b9ef4,0.05509403166704073,1.0,0.0550940316902149
59,1fa86ed0-730e-441a-aaf7-7daac51d008b,0.0,0.0,0.0
60,20072ab2-d649-4813-8838-7d1eae2dcba3,0.8859172396850729,0.9831344279044686,0.8726547886711886
61,20a078b1-aed8-4b9a-9747-88564ccb5e00,0.999999992233613,0.08713600281520481,0.08713600281520481
62,2127a492-6b53-4fc7-bda4-b73c226bf98c,0.9459402394435403,0.7288402103779211,0.6996960106604481
63,215a7a17-f06e-4e46-bdf8-d9e466bd7d3b,0.9866351885941061,0.9533870733145013,0.9412315970857644
64,224bd4ca-5b06-40f5-83eb-135f40843a4c,0.0,0.0,0.0
65,2270ce2e-9b2b-4923-b2d2-fdd1f7058547,0.8657467821462109,0.8834351743248019,0.7769904408386115
66,2292072c-c49c-4bc5-b1e9-131150ff9bcd,0.978499606962135,0.6979128556630595,0.6873719306775953
67,23411ffe-7bd7-494e-9e82-a5f3524a2de2,0.0,0.0,0.0
68,239e9ecd-228a-480b-ab50-5b45b03b6b0b,0.9654281227435565,0.42961351672833137,0.4231043052786911
69,24f96ca7-fd85-43e2-ba0c-5920cd416041,0.9538060218374259,0.9185460230603869,0.8794237213178888
70,25f066f8-09ff-47b1-8acd-423fb01c6d19,0.8032384684990856,0.7703908181613845,0.6480869796436908
71,27bdf351-2203-4640-91dd-bdc0cbcdbff4,0.9004938840778225,0.9174243767359792,0.8329794491671585
72,28218009-0a33-4840-9fe6-d762b1e1c939,0.9966441738325784,0.735917053796234,0.7340980141586816
73,28364870-58a5-45e0-9eae-26a078730f07,0.9758412006737891,0.9346727530877391,0.9135339467794081
74,2839c2e9-cf9f-4f6c-b0a1-8a1ba463e30b,0.9782860622611675,0.945861116631602,0.9264118079397521
75,2a35c1c7-a3fd-43de-8df0-a2f6ba06321f,0.7977771332781523,0.9409694216995543,0.7597533161274833
76,2ae69c8e-57a8-468a-b226-3190de2d0cdd,0.9166910420456669,0.5539541360741893,0.5274028831313828
77,2bc4eee0-d3f5-475c-8ce7-2ae82165277a,0.9295902641502454,0.9527631293288793,0.8886348716977311
78,2c84d06f-86d6-4ddf-a4b2-2243bbf37d11,0.9332713869555502,0.985796440526793,0.9208884147701919
79,2d718889-966b-4ca2-ba7a-5bf6c60c98eb,0.9919213371141465,0.7756138687784704,0.7707451065390644
80,2d9eefa4-efcc-4d89-b29f-afbd07faaabc,0.9849990099318656,0.8946603462532035,0.8826342936473354
81,2e5ae928-8e0a-49f4-b9de-607b8d28751e,0.9968999629519532,0.8770938385598914,0.8747080911817
82,2e749c06-70cd-4f83-ac9f-82113fdf2d05,0.965388955946343,0.9990853639695204,0.9645365105692415
83,2e8a8639-8ed8-44d4-a203-07e2518d658d,0.9632362126578922,0.8907573060891139,0.8614695066746646
84,2eaf1c68-cb1d-430a-86ba-fd9a17705ce6,0.9770643054246689,0.8702321035590099,0.85281096172453
85,2f53db6f-d920-4c4f-ac94-a03f770baf77,0.9905075187685555,0.8678907475812679,0.8607317073170732
86,2f8e9a77-7d19-4b85-9eea-7f1504532521,0.0,0.0,0.0
87,2fa5ad4b-f7b8-4f0c-bb86-60021e62ff6d,0.0,0.0,0.0
88,3011561f-791e-478d-9d70-93846ebdd949,0.9790674520635755,0.91897382471676,0.9012659844505819
89,306c3e5e-3360-44e7-96dd-44d1f512007a,0.9671309699178435,0.9595512156092594,0.9292471436822901
90,30ccd77d-6856-46a6-8c53-cffce29a280f,0.8846938546779111,0.9353143177517695,0.8336849995835531
91,31b20688-6e68-4482-bac9-caa9367f6a57,0.9175925843437401,0.9872058883962613,0.9068088783008422
92,320ef9c5-2e01-4951-a8be-bb555f9d23a7,0.95951800926217,0.8975988953201354,0.8648474445409549
93,325a755d-7d69-442d-b251-5e805cdcdfce,0.0,0.0,0.0
94,328ddff0-adf1-4bb7-ac34-57c85bbe2c87,0.8362365684678454,0.7166041122715404,0.6284152418976885
95,32c89843-350a-48a5-b594-f93659fa61e0,0.9613100030940209,0.28513549643177877,0.28190043715476637
96,3340855c-41c6-4ef5-acc0-5f3245a4a25a,0.5922037286006697,1.0,0.5922037287916908
97,34141d99-ba99-4127-aa62-7d3b96baf647,0.9131423950315083,0.9320920450787541,0.8561828048738864
98,341e3301-7acf-46bd-81db-026d7f1272cd,0.9181121545584532,0.949345843192998,0.8752364032322769
99,346a8184-19a4-4817-bc23-ae98856618ee,0.9425287321598558,0.4079601990049751,0.39805825242718446
100,348f749c-7dfd-44e7-9b43-1ad18a8a9ab4,0.8760054428349217,0.6724055119028189,0.6139703221136446
101,3551afb6-ab63-4d82-8d89-440bb20fe80c,0.9485716319039895,0.946732595781011,0.9005105925106331
102,355dd51b-6b8f-4700-8434-2562c6adc66a,0.6629714883799568,1.0,0.6629714885711978
103,356edc4c-dc4e-49fd-aff1-72cc00ed3662,0.9953790775682092,0.06681946909771888,0.06679874809774027
104,35d13adc-755e-45ee-bcc2-da84ac9438f2,0.9945743716501448,0.8751548685482249,0.8709965848714324
105,36799174-b168-4a82-bff3-dec47b656f86,0.42282762144508584,0.9920385462347782,0.4213976766683456
106,36ad3a55-bf57-4950-9374-b8ae6328e38e,0.9971159488017473,0.6946848502339923,0.6932918181254717
107,36bb2c4a-99cd-4422-923c-46b30b4d3335,0.5464280656839471,0.4497502856901003,0.32749056167655444
108,36c4d47a-64d6-4f65-b0cf-05214838dcef,0.7594556184644901,0.41260342836728314,0.36491457717393755
109,3883e496-b008-499d-a103-64baccd60bdc,0.6163566783302267,0.9521226739317895,0.5978279634018111
110,396b796a-7986-471e-b8e7-5889bce17baf,0.9957533522471116,0.9979405191090711,0.993711308559442
111,3a2e7c55-4b56-43d5-9dec-23bc7e371d8e,0.9948686758330877,0.6141385936467904,0.612199392424764
112,3b4505ef-2292-4641-a7d1-0d50ffebd70d,0.9410807675097019,1.0,0.9410807678592654
113,3bc9a22e-2da9-4310-9289-00baa70b2b13,0.9395322512142994,0.9692116910866911,0.9123040786127832
114,3c18a3f6-6177-4478-8c5a-41e5adb3624e,0.8693815532477304,0.9995879178935207,0.8690700750848226
115,3c69b800-9b71-42c3-bca2-9131862481fd,0.9968049126033088,0.7318506889139393,0.7301379156478939
116,3cd36391-6fb7-4d89-a90c-abe39b6fc82d,0.0,0.0,0.0
117,3d6026ba-58d8-48d6-b4ca-a62f146a5766,0.9880505250779653,0.6932163060364323,0.6874528718895447
118,3d7474bd-9efc-4219-835f-111f8c8c216f,0.9063960349493848,0.9568627033132129,0.8708127475745572
119,3dca7953-6d9c-4945-8e72-b1071e7ff0c4,0.9401001903623712,0.8897517075376962,0.8420163007403162
120,3e1e9bb3-3a7c-4f3d-91c6-c30b3f5cc59d,0.9886303409761584,0.9547648680399661,0.9443952276309583
121,3e6b91b2-0063-4193-a99f-227615dea01d,0.9511085638259856,0.984681039103448,0.9372405305833145
122,3f1c4b15-2847-49c5-8eb8-eaae0bbd3bc9,0.8980512841410696,0.8982655833025107,0.8151429736645506
123,4083b487-810a-49b7-b613-0a87b9b9224d,0.914778756509749,0.98003504166003,0.898043202544642
124,410b44bf-ba2f-4f19-a4af-dc8b3cf96b71,0.0,0.0,0.0
125,422496be-fd78-4429-a0b4-c582a7bf1a60,0.9618842663858733,0.9576166537332569,0.9226068385792346
126,42846907-9485-427a-8651-f028ea77e696,0.9659851932977618,0.8385195333095993,0.8144711212273752
127,43055785-40ff-47a0-a454-b62e81a7e94f,0.9761344125598911,0.9512731351654515,0.9296515306218327
128,4335ec7f-d0d5-4285-b86c-6a437672bb1c,0.9929437053845847,0.8213985764177868,0.8166317181448947
129,433d8f9f-290f-4691-b82c-6f5a5937ebcb,0.9160091717530682,0.07128735291812188,0.07082440997685335
130,44097842-589e-4099-b4eb-bbd9756f2b79,0.9999999955857685,0.10559336254311551,0.10559336254311551
131,4470bf74-d682-4dd2-9d0b-ef86648aceb2,0.8178528033647594,0.8278843975533189,0.6990015356785677
132,449b1dc0-9ea3-43dd-8f43-b129afca2871,0.9349572359964312,0.8657481620067844,0.8165678699309565
133,45de784b-0244-4f38-ba81-3a2d81f7899f,0.9674015722775948,0.8435230056591461,0.8202092911977032
134,46813753-1eda-4ec0-a8cd-20d5bd5b60f3,0.9606542225097975,0.7662046094293106,0.7428914491130886
135,4694a332-62e6-448e-9762-5216d652a837,0.8857565728938515,0.2506050144375679,0.24275842550883234
136,46bbf338-415a-45fd-8a5d-86f83a0db076,0.9828688156499856,0.8727555222189907,0.8596781550268958
137,4708b1de-e55d-44af-86db-0fdf201c87d0,0.9796187033911138,0.7962018419687928,0.783227485382005
138,4729b6b4-ab11-443a-a44a-aae9522c7b2c,0.9233098919087969,0.9765350637814155,0.9032699445028585
139,477326b0-a0c5-407a-8db4-bb109586ef7e,0.9880566559332745,0.9698654748948721,0.9586270547236765
140,4798cdf9-2550-4e87-8712-87eb556a00bb,0.971063772531197,0.938916065177482,0.9133617789083702
141,48960611-8a87-4f36-ad64-4c54369ce143,0.9964484691450965,0.9149831063429587,0.9120088880787776
142,498950dc-dfc3-48e4-aadf-b1badb2a2ef2,0.9640323580890631,0.9333461860220125,0.9019382140219439
143,4c0c9324-dbab-43ef-a548-d704e8bca821,0.1480139365945926,0.01564633200082504,0.01435361430856216
144,4ca8417d-beb6-477c-8a64-1402f7f46829,0.9986095044173603,0.8602618225235598,0.8592325860533551
145,4ccdce62-d9bc-4597-8303-652bae235775,0.6596678898790738,0.8502297932379579,0.5909931673547387
146,4de50249-077c-442b-a18a-86575fec4333,0.9246332483194081,0.8546794151143076,0.7990161004851029
147,4e2c6cee-4a1b-488f-b2de-c5f182074cd9,0.9884416567633001,0.544119720938721,0.5406795588308028
148,4ef2cbd2-0dee-49d3-917b-0c49edc4752a,0.9752931207190165,0.9559074345392389,0.9333066799688963
149,4f758ca7-d57e-4db3-bdcc-c75b3f11343b,0.9350036861415019,0.9849192877132502,0.9218067112200239
150,4f7a708b-d9f2-4cf4-bff8-761d6eae4eb0,0.9357854280103917,0.8513526143180004,0.8043612631849343
151,4fa099f7-e91c-4014-8b4b-cac5293049c3,0.9999999966625505,0.25778393399464866,0.25778393399464866
152,4fc76e23-8584-462c-8e3b-bfd0a4639202,0.9874113785544119,0.8043686165081705,0.7962035587538624
153,510d6fe9-7d7f-4e5c-83ab-9f52646a04f8,0.5620290792443019,0.9632967226554825,0.5502459565212343
154,5131013c-1f9c-4f6f-aabf-5dcf7e76bc1b,0.9999999994194012,0.6056948737696097,0.6056948737696097
155,51cc739c-e80a-4bd1-9d5e-024c519a930a,0.9427702169122055,0.9675508895387291,0.9138752794558341
156,520638e1-5d0f-4041-af5d-f9562e920aa4,0.9523528490023393,0.7408833144979012,0.7144024713580307
157,52a526cf-e06c-42df-b32a-5921d00a08d3,0.9896122833900541,1.0,0.9896122838301146
158,52f56649-d196-4964-9332-e539c53c926c,0.8271600355979704,0.9076345757800226,0.762938938610176
159,5367b100-9fa4-44b2-bd21-f8eb49056922,0.933173078628869,0.9698866574235498,0.9068971418791717
160,537eb21e-a752-4126-b82e-e56869699939,0.9967738837863547,0.7277054038187358,0.7259954957781636
161,53aa1cd2-6b33-455a-ab94-4a7f06dd0032,0.9947882208029277,0.8970693305540807,0.8928729872909
162,5403abe1-8b69-48c4-956c-748f24ada4f5,0.9465100012082229,0.9091786342737129,0.8647476447139913
163,544eb6a9-0197-4b24-9462-8af8b83b8cdf,0.992851623446155,0.5801749789364039,0.577761571304157
164,54bc3493-592c-4bec-98f0-6dc58d681ef4,0.9996883578800939,0.7345237438991812,0.7343555915432651
165,54d5786d-5128-4a3f-93a6-7548893cadd4,0.9903422316875358,0.9797428642193985,0.9704705969816371
166,54e15082-0d01-4577-b266-ea662e079d5e,0.8135225466877202,0.9399544694039881,0.7733332731572581
167,550f96d6-0037-4093-be93-e38e7f43e89f,0.0,0.0,0.0
168,55b25d7c-93d9-4778-89ad-5fc9e0c7f052,0.9961828742689751,0.687529313149255,0.6857228166210501
169,56b89c62-0c76-4081-b909-9aba4f0442be,0.8851576763809413,0.9750082199199283,0.8655201522326985
170,5715e165-56c5-4b25-b347-3daefbe858cd,0.9924035805293455,0.8168255864242024,0.811750162707785
171,578542fa-de7f-411d-bbd3-4c0953a602a5,0.9777131812739726,0.9754814319444255,0.9542625024616073
172,57c75bbf-2b14-4e66-854c-8d21d2770aea,0.9963035123815809,0.6253445384196872,0.6238970010990736
173,58b784a1-111d-4523-9289-72732e5f4968,0.992879378735319,0.9406836807221962,0.9343800820060403
174,58fe6549-67c0-40de-917b-5ebf7df315d0,0.9559388552822728,0.826869660130227,0.796512892653073
175,59a6d608-0164-4a05-b823-5d17c4fce868,0.9927895992285038,0.8056764941717527,0.8009895510784921
176,5b5b6567-ffb9-4ce8-8061-91d9426f7ae2,0.9666334848322549,0.9999524728005799,0.9665890766533182
177,5b92911a-625f-4535-b516-80f8b35eb598,0.0,0.0,0.0
178,5bb8b31c-0a9c-4547-aeb9-90f223d51e8e,0.9593281267889276,0.980633728121563,0.9414910950405454
179,5bba9d0f-4d9d-4003-8c04-239e19595ae2,0.9523934713237755,0.9100772516015576,0.8704780713446296
180,5bbb662e-d795-4466-9470-85d6fcb0e758,0.8793786756568793,0.9800428987715993,0.8639084720567975
181,5c3121bd-513d-4474-8b14-0a94c3468185,0.9841756324549684,0.7063390305012175,0.6984071599295173
182,5c93d329-8be8-4bde-8439-184e0a7e721c,0.9885721960452903,0.6545548800603233,0.6496393231332114
183,5d3027e5-1726-40fe-b058-d3c4145cab86,0.9139284268295828,0.9477150893050313,0.8700592402493198
184,5e198b6e-9a57-4551-abdd-518ed668a990,0.9985872726159143,0.8844682061198953,0.8833628720745286
185,5e1f61ac-4053-496e-829e-ce823722a4be,0.9725520973574923,0.782360656091624,0.7654591540370703
186,5e718bac-9144-4d92-bbb7-bb3c861a9af0,0.8824527202610577,0.8582240380487476,0.7701774359018757
187,5e806d84-13ea-4c7e-8321-ce3a33a631e8,0.9386991491892902,0.9524462478429178,0.8966743653016958
188,5e9543b3-7ca6-4cef-9bbf-90708afc8253,0.9950037423751765,0.6276800120204777,0.6257079071625227
189,5e95ab30-2ae8-4afc-a1ca-5e02128c566f,0.9612773735616308,0.9999902283313247,0.9612683443078243
190,61e45c3f-15da-4cca-a35e-654392d0024f,0.9730372710985331,0.5344377885615607,0.5266386923787739
191,61f926fc-ca60-4b14-a6ff-0d6eb857fa37,0.9872962024350516,0.8056740680763601,0.7974074898542783
192,62ea79a7-9e18-4ca2-83fe-59c3b3526daf,0.0,0.0,0.0
193,6408f45d-ace9-4735-b27d-610cd37b0e2a,0.8728520923883215,0.7902214706974059,0.7086481668460431
194,659ad140-13a6-4d3b-a177-64a9125c74b9,0.9630478862119075,0.9628547071002314,0.9285497153595313
195,6643e105-843a-4a4d-a2a9-5700d3fbb748,0.9509632666713573,0.938624751453525,0.895292168819321
196,6677741e-f6e1-41fc-8ac7-c57f2030dbf3,0.9999999968838615,0.2039116262223832,0.2039116262223832
197,66aff59d-189c-4590-b300-2a6069265e10,0.9942860351212918,0.7939922145051337,0.7903857509935043
198,673f5994-5148-429c-a6a0-a7080b018000,0.9225215909552517,0.647359705251193,0.6139784296687314
199,677b6249-b31c-4bc1-af73-d7e851f5323c,0.8391530791149365,0.41328749345415633,0.38295089345363253
200,67e21641-6424-4f16-986a-45a45de788bf,0.9936285688258873,0.861063688050938,0.8563355283227589
201,6826ab88-5239-427e-8a4d-ccef09e3cb1b,0.0,0.0,0.0
202,69010dc4-bde8-4fc3-ba8e-090ed43db971,0.9445161824521611,0.9457078211183751,0.8959352002765841
203,693375b9-5ebf-4fc5-929d-531b60a10016,0.8757240563227231,0.9311417225225852,0.8224613599603514
204,697abd9e-1754-4592-8dd6-0457a5a80500,0.9040520812602871,0.9886950798091163,0.8948024225575854
205,6a081220-1963-482c-8365-093a2a76e8d7,0.9919456585943605,0.8539603706752561,0.8480798390735194
206,6a326524-09b4-40fa-894b-bc8ae2939be1,0.9696850454912004,0.9546320120372371,0.9269672708843117
207,6a7a70c1-db4a-4840-924d-cc1fd9f2e658,0.9963836279394254,0.8832335229674804,0.8804111943616731
208,6aa585b0-cef0-477d-899d-5d30dce48238,0.9504128670608529,0.923993820465697,0.881497919002452
209,6b168564-c7ff-4eca-bffe-89ae4bb8b3e2,0.9900746307030956,0.3686551449996777,0.3672977158066749
210,6bbad7f7-950d-4a1a-9160-4bd5a075b015,0.9609779627154537,0.8373541880878695,0.8098186556416612
211,6c150641-54f1-42e2-96f8-2692a255c442,0.9044952422316851,0.5178318609957292,0.4909860436220018
212,6c7b24f2-1033-49f3-aefe-d17c53242900,0.8992741468049098,0.704453495270536,0.6529341258170944
213,6c95d7b4-aca5-4277-bcbc-ecc747c742c6,0.9726542801920202,0.884133611691023,0.8626897311262556
214,6dae6a5c-4fee-433f-a1b1-d246f7a1f842,0.9665892894633524,0.9699699396436519,0.938504180386869
215,6f1746d0-0dbd-454e-bb4c-890098e209f8,0.967553035927104,0.8502881412608732,0.8267148014440433
216,6f3f7e0a-7306-4bad-b4e4-3af6f629b9e3,0.9964398095903926,0.9541508969071748,0.9509091567807356
217,6f5bef19-7991-43de-aa41-326bb5a6c530,0.9851903312131174,0.8064324225224585,0.7967735138312305
218,6f76aa15-9eaa-40ff-b569-9ec5fac491c8,0.9771582818727108,0.5998215480704885,0.5915276075547594
219,700e67e4-ee2e-481d-af93-54127ae212a2,0.9988116822569382,0.8756249503177571,0.8747137101492887
220,71097b02-237c-4d96-8ddd-bffca30b468b,0.8290199419136324,0.9623465101969841,0.802973991525203
221,72f1a9fd-0a26-4c7b-bf87-5bf7274d2b4d,0.9159606163635313,0.9861842426440333,0.9043559455362911
222,73157b5f-c67c-4b6a-b605-b450842ab61b,0.47947099080884414,0.9957525392428439,0.47849236825970504
223,7341af9b-c885-4aad-96ee-b2e353f76db0,0.9006607963588718,0.9977285633162976,0.8988178144613532
224,743ea486-2bfa-40b3-a789-b9bd01c66c33,0.8501230046442929,0.39119911776474375,0.36595942812277465
225,74b2e6a9-789e-45a9-93e4-6acc44176389,0.9190365903391848,0.9114600153124354,0.843713262708164
226,768f8681-05a7-4867-944f-8081c7b6b499,0.9478075446060467,0.6597236276956981,0.6365969035141967
227,77168407-bcef-45b0-a1bb-a66649d07b16,0.9280028119687446,0.9922705776222629,0.9213426106600419
228,7779cc88-cbe3-44d6-962b-b9f0cbba91a4,0.9534765299380201,0.9260578397655194,0.886022373578861
229,77a08f77-5323-43f7-81d6-0e310cd8f9d8,0.9193500093331045,0.8232618553460573,0.7678101060091999
230,7807a081-2ace-4931-ae3d-c894f6c6c855,0.9691444159153598,0.9617629651979158,0.9331882072550528
231,781b668f-0a7c-46ba-9987-1660ea1b5c0d,0.8499189067850231,0.8343120208134683,0.7271800811525314
232,78dcce34-6563-4082-b4e1-c6f3656c9bfc,0.9585664254116633,0.9144430358773596,0.8796727716184609
233,791f7e70-cc2d-4cd0-a879-8cd1855214a5,0.9723905353199995,0.9721916346491483,0.9460763172387252
234,799d06fb-71d6-452b-98dc-4fa9d0b83d49,0.9557871142661953,0.9850159840256518,0.9420897069621933
235,79af7c01-1fab-406d-9cef-4897e5ee085a,0.9793569757276189,0.944303890909579,0.9258751151467298
236,79bd4120-c16a-4309-808f-2a6528a5a375,0.9019017559896475,0.9213906298305276,0.8374618652108544
237,7ac03dc4-9fc1-4bd8-9b18-5b5d8bae590e,0.9058247622988037,0.8135991934580487,0.7501466254025282
238,7ac2bf01-f0a6-435f-bc4e-9382943dbff9,0.8127538820187153,0.9380972891485181,0.7713833507961572
239,7bbaba99-59b2-41d1-b655-40d6e79b75d7,0.0,0.0,0.0
240,7d408a1c-dde4-4d8f-8cee-1636cac56302,0.9879326139310445,0.7892848894632617,0.7817480982532645
241,7d5fa62f-4789-4dc2-9c3c-b873f6276988,0.9986647517839332,0.645547706000918,0.644991002397699
242,7e879ad9-237c-4d15-8048-dee01a33b4ab,0.9326231905557752,0.24503736199725132,0.24077502325248623
243,7f883e9a-6f21-453a-919b-0e54fb884c80,0.9339392050734344,0.6833618227988183,0.6518534576197702
244,7fb46d2a-85ed-4efc-b810-7832c56e998c,0.9999999991479935,0.5722323252514516,0.5722323252514516
245,7fcc03d5-adfa-42b5-abdb-c2758158b693,0.9999999944370271,0.18800200803212852,0.18800200803212852
246,83403712-23b6-4176-899e-374eca1d6ba3,0.5329947549187432,0.9954127807516141,0.5316888045540797
247,836bd94d-d566-4761-94a9-8597b3d08a3c,0.9184892295294216,0.8793821969538231,0.8157229797728932
248,83d69d4f-5382-467b-bb67-adf0987a4398,0.0,0.0,0.0
249,843ad42a-80df-4604-af1c-ea97c77b6fb2,0.9306900207789802,0.9905362897630025,0.9224873271393081
250,84e454a8-0100-4acd-9826-5d25f759aae1,0.7928414421537014,0.6415428710350211,0.5494419392132904
251,85361565-5093-4102-be1d-80e6a9826d9b,0.0,0.0,0.0
252,85796fda-0db4-4f67-b43b-a65b923432d1,0.9615772222586793,0.9172177951010416,0.8847900113507378
253,8601fade-48af-405e-8734-f8ae41a572dd,0.9184329865139356,0.8308442874293623,0.7737506453737827
254,862d30f6-6d8d-48a4-bbca-e39252ec4a61,0.9556786949686873,0.832612719039181,0.8016575926234853
255,864a77e5-68df-434f-a6cb-176ed92ccef0,0.8851956290718053,0.6856713259998629,0.6296759394607236
256,87df08fa-a9c4-46fa-9ba5-13285aad2f04,0.0,0.0,0.0
257,895263ee-ecd6-4994-abfe-e0701571897e,0.0,0.0,0.0
258,8a92f8e6-1c4a-4403-958d-b84c553c3955,0.9898187866428666,0.8715517329752227,0.8638079320487485
259,8ac7f50b-2aef-4ecb-bc6d-5378fe1667d7,0.9304875849618391,0.40925200732497535,0.3971110054072968
260,8b5c779a-2d94-4d5e-9181-483629b82c2d,0.8690237550866324,0.5936947611740254,0.5449342545130377
261,8b9683f5-bbda-410d-8701-c3498eb6e6e9,0.9884950231378116,0.9767767348307074,0.9657969861572054
262,8ca42ac8-bc78-4f6c-b561-8d6c6dd07ae5,0.9999999939242967,0.062467739486868075,0.062467739486868075
263,8cc1715c-96fc-4d8a-ab6b-1cbcb37e5b04,0.9866275018188652,0.6904650671020472,0.6840633373934226
264,8d9b2a72-239d-4b09-b427-d3f08492fd62,0.9892228382359805,0.6820245710934253,0.6769942553109457
265,8f2ecc2c-05f2-49fa-88d1-ea80494f4998,0.9968125386032647,0.9447188080003115,0.9418735179655732
266,8f729d7d-6fc0-442a-be71-ea0e6895d166,0.9784373784496171,0.9912673533363189,0.9700756949596921
267,90fba977-325d-40fb-8391-0237894cd33f,0.0,0.0,0.0
268,915cc4a0-ce02-4151-9d5e-efa3e3b5d116,0.7711756298629877,0.8839439125132235,0.7002727704617882
269,91854594-4517-4ca2-a573-d9bbeba652ee,0.9538975411054164,0.8724742244315566,0.8371729685265848
270,91cfb18b-5e9d-4fa3-a015-c1aac7756090,0.7640402281174663,0.9856500471325571,0.7556348756811656
271,9231a977-091c-4880-9a1a-88d1fecbec6d,0.9807477888989764,0.7015691175153436,0.6920384362957104
272,923293b0-74f0-406f-a258-d2f28e7ec7fa,0.9371300655970942,0.9535944818919228,0.8962568998204788
273,92c94cff-64fa-432b-b675-1aa42f46e95f,0.0,0.0,0.0
274,9305d528-4402-4da6-8f26-a8b6267d5620,0.9771317596397654,0.9210558955737754,0.9016206756513475
275,932a017d-43bf-4dad-add0-1f55f635e54a,0.9999999979699554,0.20550431158558716,0.20550431158558716
276,932fd9be-e46f-40e5-96cf-1ca31d2631bd,0.9671344663469004,0.9574047906255385,0.9272372242064154
277,93b50391-b9f3-4dd2-b61f-4990e29ac3d6,0.9999999995572302,0.76749062092214,0.76749062092214
278,944b2397-06c3-4e7d-8190-f25694104043,0.9762188900975407,0.7427398247265028,0.7295399235974205
279,94681e2c-b9dc-4762-a911-b3f36cd3caef,0.9437643774208048,0.8868014831567045,0.842293512903258
280,9469dd00-5b4b-4d12-be11-988d05ad03e1,0.5404622917570331,1.0,0.5404622919878214
281,947e3728-3317-4fa2-9014-3ca8dc7d16c9,0.7155185254687272,0.3310766524078929,0.2925656365506992
282,948bc2a5-abbc-45ae-99d4-e8d499b84621,0.83776403286339,0.9841907761247817,0.8266398202341825
283,956a0e73-63ad-46d8-9ddf-021413623577,0.0,0.0,0.0
284,9735422e-11e4-48b7-868c-8742174f061c,0.9519907375221013,0.9517004303922044,0.9081157580086237
285,978bd2af-fcb6-4f36-ba70-72c0ecd97137,0.9965715667642052,0.26518928127574604,0.2649475666751924
286,985e405c-9f6c-4a66-aff0-02d05a67f916,0.9374135232711884,0.8620547522956825,0.8151392937029757
287,99ede30d-0295-478e-a43c-e07dc1c732cc,0.8532068159055388,0.8606799208770577,0.749669647745939
288,9c915ae2-6cd7-4df2-8fc0-5b9fd3f6b331,0.9823211678964154,0.9972970775921636,0.9797128454256576
289,9d142e8e-3d1a-4802-9490-f9e64a2b0922,0.9999761444145223,0.35100058611739093,0.3509976471770311
290,9d94d44a-1dc1-4ca2-b5a9-bd79af0f7856,0.9192242999180367,0.630919592325303,0.5977780143067397
291,9eda2837-151b-41af-a33b-61ff531ffdc2,0.9923594336721957,0.7302380378403179,0.7261553094744656
292,9f0aec9e-a453-4ee4-ba7e-23f9f18b177a,0.9943490850141916,0.8225659499313167,0.8187386205886251
293,9f872eb7-4761-40b5-b1a6-1e357b71d39a,0.9981807991687264,0.8949689565774747,0.8935115542757267
294,9fa10c1a-1a63-4ba9-8db5-bd6e42981e63,0.9476563315922765,0.9661320152947591,0.9171870876946081
295,9fe70641-0758-432f-a534-60e8ee80f85d,0.9856027337589445,0.8405706751810214,0.8303747534516766
296,9ffc1dbf-b7f9-4efa-b0a8-542af4a2b614,0.7836264909440628,0.9998383893370986,0.7835272473979077
297,a0096fc5-2eb7-46b9-90fb-21971bc7b5d7,0.972652985010572,0.7869512507470332,0.769916205596985
298,a0289f02-51dd-42ea-bda1-d2887bc54ddd,0.9542951331960169,0.36450113211591795,0.3582470833004135
299,a0515741-01e6-47a3-8d7b-c6ef48981d37,0.7914141273677376,0.34319410814045176,0.31472630488517833
300,a14844d4-fd98-4506-b1af-80c9c3be6b71,0.6593143845320079,0.08777973437106934,0.08397096523882958
301,a14a8d7d-b399-4bbd-9190-e97886e441b4,0.8201269928662785,0.9435987784824994,0.7818022576878163
302,a1eeeb27-bd6f-4da8-aa82-232c950c6cf7,0.9614234377650451,0.914467645084629,0.882101159144361
303,a258b26d-b99b-473c-837d-70fda6ca7e81,0.6086648903272589,0.34767208282321616,0.2841543856922195
304,a2694811-2799-4ce1-be48-ae79e77ddcde,0.0,0.0,0.0
305,a2d86ac4-07aa-4b09-b979-217b065a55f4,0.616601881396148,0.8429765553679894,0.5530775794281507
306,a31e44a4-3677-4ed1-8542-3906042bda88,0.9199287792424964,0.9832665517885689,0.905748782415789
307,a331e623-fa9a-40c8-bbd7-86b9627e10db,0.11459777352883942,0.48857368006304175,0.10232327854586919
308,a386862c-4edf-4314-a4ce-a948e1e9d636,0.9869312635055518,0.8287446564983197,0.8197486833728804
309,a3ad8469-e15b-4032-b7d3-eda59653ca4b,0.967140071895073,0.8181171691312097,0.795991264675993
310,a3f7f558-1d8f-466b-913f-c76e7791066a,0.8443202220441388,1.0,0.8443202223396771
311,a4421eeb-2e66-4692-bc03-ddf6207ebd75,0.9770728953574975,0.5603441137993277,0.5530720321668492
312,a535efd1-6569-447d-a14c-ff0468a366d5,0.0,0.0,0.0
313,a5bef112-585e-40e5-8dd7-a620a8a548f7,0.9520373170560349,0.7184493978285724,0.6933536309674422
314,a6da493e-84ea-463a-a49e-1bea67427957,0.9984941849724212,0.7524671268224905,0.751614206513688
315,a7b128c6-300b-4585-bf12-1a601ed42c02,0.9999999915081523,0.10374873353596757,0.10374873353596757
316,a880180e-6c93-495e-9b91-bdb1bcf59abb,0.945220038869865,0.6188178528347407,0.5973932906346576
317,a8de63d8-aeaa-4091-a05d-8021d41a7257,0.9482289374643732,0.9188686849714941,0.874972986265845
318,a938ddc0-d6b4-4ff7-87b9-405df9976b36,0.38804748875662026,1.0,0.3880474888755409
319,aa013172-865b-4942-82fb-59dd632a2be1,0.9580029561320469,0.955128603899988,0.9167435985761856
320,aa144804-2cf6-4116-99dd-82c5a7108275,0.9162016964192327,0.9438611909455833,0.8688546096577057
321,aa2b31fa-1e95-42b3-8f14-27f8bb032298,0.993097238463604,0.9644051903289573,0.9579835106048209
322,aa768797-bb18-44fb-8514-11d0ac273109,0.98776896219164,0.8665373606507984,0.8573382171562289
323,aa7e2854-bb60-4a9a-8614-bc14b4f01267,0.9452200367054789,0.9527687185295362,0.902912213320919
324,aa9c0cc8-c1f8-4cb8-a83d-1cdebc291f1a,0.0,0.0,0.0
325,ab355d07-5db8-4f73-b9ec-e9e49ef44044,0.9280275724254098,0.9542771668822768,0.8885194479297365
326,ab35c9da-d159-4526-932d-da0b97a64886,0.8912840072450431,0.9278027939716462,0.8334777518059354
327,abb40c6e-83f4-4ea9-93b5-733d4d6cde7b,0.9610316780620758,0.9615553011458168,0.9254715773767719
328,ac0231bf-30e4-4684-b2f7-ac2488455ea6,0.9971618682219975,0.9689539040521107,0.9662890280814166
329,ac5ee7eb-1b92-41a9-97a0-023078f21c95,0.9951545732161496,0.8315146191012738,0.8281616737993343
330,aca230ad-3d5e-4712-912f-366acc0fe7c9,0.9483249553460772,0.8966805634731485,0.8549089456555192
331,ad2a8bff-e34e-4505-b6e2-b0ac1e4e4ca9,0.0,0.0,0.0
332,ad823278-2819-4c36-8ace-713173012c71,0.974787003055749,0.915749300383707,0.8945607536838714
333,adb893d7-2fcd-4dc8-9c5f-b0eb70b54b9e,0.995885949924724,0.9924383221410861,0.9883861294298529
334,adbd165e-bb6c-4a33-9403-59c058be9ca6,0.9128384272832325,0.7896347221697578,0.7342723664336647
335,ade45978-71dd-480c-8410-ea13112816f8,0.985102426629992,0.9821702491530624,0.9677953619403825
336,ae6d0fae-d2ba-4dbb-b226-c47af63d27f9,0.9488068328807289,0.9480748057124947,0.9019373977399575
337,aec648fa-ce01-404a-9cd6-e630e780c443,0.9644447913891854,0.8757864716735035,0.8483945832528633
338,aeec46c0-6d23-4e61-a255-6437f0646dde,0.9201164191715938,0.8659489743724574,0.8053984598694623
339,b05b0f66-9a6b-4506-bb57-37dcda208ea3,0.8993401009026373,0.8828966842364916,0.8034956855300831
340,b07b7b68-c34f-4720-be54-8527c1a236c8,0.9772965909090477,0.3630005716014929,0.3599650571156116
341,b0d40d34-30a8-499f-86b1-0551e0ce66c6,0.9999999985604261,0.7727176657730513,0.7727176657730513
342,b127178c-0034-47f2-94b0-865733007a26,0.8262365760094612,0.9989678631956883,0.8255318442799774
343,b2ea5b19-09e7-4a78-bc51-ddde56bb3d9e,0.46790569835700235,0.9511642949547219,0.45692857445516305
344,b2f833ff-d7db-4592-ac5b-134349047502,0.9598408000884991,0.9446390077047051,0.9087233833774899
345,b338b188-f4e1-4552-a476-08c9f70879c3,0.9232873942503903,0.771169089980716,0.7247328158922133
346,b3449690-ef7e-4a7d-877f-e059f2057a3d,0.9521226944529155,0.7416504153301273,0.7149859114910141
347,b4ef2b99-81b3-4055-b57f-55ccb5aa2164,0.9840371856649696,0.9928581255636914,0.9771207120140333
348,b4f36e8e-216e-4358-954b-5f6ff8a2bea7,0.9934942204012271,0.9388536750901953,0.933116898486008
349,b5600525-6fbe-437c-810e-1842e2603258,0.9647818149860812,0.9000392687290021,0.8714092598850963
350,b569e7b0-8e11-4663-ac97-fc8be9d1cb19,0.9189982360953556,0.13550276227155364,0.13390349939419857
351,b5a8edbb-e9d0-4d2d-bd50-674f5b6c7f04,0.9960080854147056,0.6190381009489544,0.6175060369464286
352,b5cadf9e-f7ff-4619-9f4f-f811d071177d,0.9786694061152423,0.7907706316019022,0.7773724274882657
353,b5df532e-8543-4031-8c00-0c27740ff906,0.8870976940704814,0.9004871939654548,0.8078970185653652
354,b62c6ad4-35f2-4fa7-a600-b18fc0701b3a,0.9746141741775938,0.7252064037742404,0.7117615915433556
355,b62ec1eb-1398-4085-a67d-6d530c81ee3d,0.9774532441740562,0.4186692619303105,0.4146646894051738
356,b67d3e8e-fac4-42da-9916-61daae66fa1a,0.9238631636641214,0.4169132558873734,0.4030646029052684
357,b6a24b11-cc74-4a41-81a2-373ad551ea07,0.0,0.0,0.0
358,b7153ec2-df7d-4a45-95b9-8cc392ce84ae,0.9957611378682518,0.6864374406817707,0.6844374462537647
359,b757e092-001f-42a0-9d53-baf082fb799d,0.9944147347122341,0.8735447994821237,0.8692797803435652
360,b837ab8f-1a66-4c9a-9193-992c9d14f438,0.9999993827164304,0.0006426684227647437,0.0006426684227647437
361,b85ff358-03da-4e71-8e23-0e340ed3e8c3,0.9820329961493478,0.4332778603520629,0.4298702226255446
362,b8f040b4-f999-49a9-ae1d-7deae64a1b40,0.20778375042120195,1.0,0.2077837505032087
363,b9ca951f-538c-4b12-9c33-f82d44f00ef1,0.9719490970474404,0.9137870263224399,0.8903075522495407
364,ba123103-d6d4-4321-9ffa-43794a07cca7,0.9461692753724003,0.935199551762779,0.8879544943015572
365,ba4ca78a-12c5-4e2a-a481-797aa43dd1be,0.9568362515146015,0.8672897386076678,0.8346352809340144
366,ba994efe-e329-41c4-9d68-9b13b7703811,0.9519493429372609,0.9222569987828204,0.88123388361645
367,ba997558-7845-435f-8a18-030188a4e202,0.9957515357548726,0.8355748507157148,0.8326065621091119
368,bc2436ca-f310-4f1b-9ad4-5e82f8fc5e2b,0.9972397518512971,0.8930820241407443,0.890879813026255
369,bd01cf2d-255a-41f7-90fa-7aa1cbf00cf6,0.9982755819929465,0.40258392598106063,0.4023041549712524
370,bd775690-c35b-431e-973b-7fd86a0e2b8b,0.9894417880328591,0.7565759934938963,0.7505168240949276
371,be051759-f5db-4d7f-bdb3-560ded0e86b8,0.9999999977818198,0.3023770557776406,0.3023770557776406
372,be5abb91-42b0-4341-8e6f-4a8b102e24fc,0.9234893988853845,0.7666397770607216,0.7208542211128044
373,bf2947f8-7bb7-4049-916e-921fac354a46,0.9873120712296118,0.9391200169890173,0.9279212938218817
374,bf2c4745-74eb-4a8c-92ee-6ab00e393ceb,0.9881102258803311,0.90848504774038,0.8986611921893843
375,bf9def75-85cb-445b-b57e-5300221a390e,0.999461472423165,0.8549656416753042,0.8545719657726104
376,bfbbdc43-5a58-460a-9251-eabb0a237a41,0.9872157946402025,0.9856188922904161,0.9731974616458382
377,c01e3cfb-82e1-4a99-9c48-a76a94314636,0.9781217999607941,0.6042614220048584,0.5962032259859609
378,c02c3119-2602-4a84-90f7-67c2a57db905,0.0,0.0,0.0
379,c063ba18-8752-4f79-a7db-9f27a7908177,0.7057722306361209,0.9361246682078945,0.6733455825745989
380,c093a4fa-b090-4d4e-8861-9c095861d530,0.7537476265637656,0.9470522073296467,0.723268706983869
381,c0a7c370-373e-4137-b9dc-975e649c831e,0.9761907284688465,0.999960148681646,0.9761527525304324
382,c0d0a539-7dc2-474e-b113-872ed7dbfce4,0.9923969773896346,0.3715955892121695,0.3705406991048279
383,c231c47a-929d-4c01-97ae-0e7b40c3a0df,0.960141330204622,0.9240962076333756,0.8899554551728465
384,c34474dd-22fd-45e5-8e6d-1a08683b1b05,0.9590606216189802,0.901169060707278,0.8677868926349951
385,c36da8ce-8598-4afd-9195-850c9ca3e731,0.9260106541166664,0.7985734216266137,0.7506751240344156
386,c3d12a5f-867b-4bcf-88cd-3a8bf32beabd,0.960364677479162,0.9131744298634145,0.8800088941124152
387,c40f03f0-602b-46bc-b308-2bd1d54ec8be,0.9766372663720593,0.9092461786863878,0.8898904995871739
388,c5380cbe-127e-4e32-8cd5-cd2244b0a98c,0.9715746135286172,0.8835166642518415,0.8612540462957308
389,c55c67d2-0633-4739-8ebc-c0fb42361eba,0.9969578308248204,0.7948783631254953,0.7929550245959242
390,c56c0917-5441-4ba9-84f4-5bdf726865d1,0.8686714463028626,0.374832438394779,0.3547304399515756
391,c636cacc-9a13-4606-b83e-10ceb3632b3c,0.9855113891570905,0.961747940932176,0.9483391373392436
392,c64c5083-e84c-40cc-9abb-67222017bd9a,0.918455203130985,0.5520671716710779,0.5262718847077007
393,c6c4a2fa-0473-4ceb-a4d9-3574e59c52a8,0.9946714197827743,0.9911630009134094,0.9859279356885282
394,c9ed29ee-8e97-480f-9fa9-7306f633aa0c,0.955564257161589,0.42672352905564936,0.41842058398686127
395,ca05945b-d1d0-470d-8b19-6f66650f9c2f,0.9483477221443436,0.9551843476305301,0.907948647910407
396,ca384445-8271-4b96-b396-aae974245dff,0.895179579402062,0.6508950880927474,0.6047996196976256
397,ca780387-e5db-4d3c-829a-b29ff550214f,0.0,0.0,0.0
398,ca93dd00-7538-4ccb-ad0f-b76037d1ab9a,0.9169418686475007,0.7706494114499732,0.7203632214807059
399,caf75736-cae1-4c16-a20f-c8fb32a23094,0.0,0.0,0.0
400,cb474d23-e76a-4256-a120-c259059a4f91,0.0,0.0,0.0
401,cb4d8cc8-4d29-402d-aed7-433716065dd7,0.146874644123009,0.6752480430179162,0.1371842900302115
402,cb83f7da-b338-4499-a553-9c5af7393314,0.9671115341457918,0.792617372118998,0.7718135547816769
403,cd693ed4-e5cc-46d6-ab36-085b11c227c7,0.9283864296865262,0.783837566316321,0.7391462650408382
404,cd8f0943-81c7-4198-a81e-9a6b8f1ff6af,0.9699111250914257,0.9770311541744868,0.9482887550176777
405,cdb997f4-6ef0-40d9-be6d-06bee4b9f0ea,0.9633124985617799,0.42029119910970975,0.41366972142100844
406,ce085906-e90f-43b3-9b1e-f93cc1df4588,0.0,0.0,0.0
407,ce9f4e9f-3b35-444b-be02-b35320f31a9c,0.9964120444650217,0.9744252317600648,0.9710181393965734
408,cebef35f-b5e0-4b04-b007-76a61234a8d9,0.9730867816705311,0.9378040252716952,0.9140947987201429
409,cedfd8c3-05b5-463f-9abb-78b093b6515c,0.9775686838761132,0.9237527245025358,0.9045788608451794
410,d0516797-3d02-4481-84ef-f137334e277a,0.47237656513022913,1.0,0.47237656526258864
411,d17a2e84-5a3b-4954-85a4-ba89b219a38c,0.9161935342488022,0.9645933391353555,0.8863843553870508
412,d1ad0ecb-bb88-4772-9599-93f9b25db2c7,0.9583585211518848,0.8247879621376805,0.7962520976339079
413,d23261e8-59ae-4862-908e-2110940e494e,0.9758228615335001,0.8768418172596962,0.8581976715706284
414,d2380052-5799-4b90-99ab-22b33c1a6a06,0.9571626398171025,0.7564915796744724,0.7317182192025746
415,d29ea4c9-4336-4c53-bbee-a6ce6ee4225f,0.9883849929540296,0.7324576985150073,0.7262068896112391
416,d3a82b6b-9d93-4adf-9439-d96caebbad18,0.9899025669725401,0.9512704428380491,0.9421286217890198
417,d4243030-bcec-44ed-a659-e0cc518581ac,0.9999999769585258,0.029191188834706575,0.029191188834706575
418,d498a72e-81bf-43ad-acc1-cd15bbb200f4,0.9767995202189191,0.3040065170702807,0.3018271387081357
419,d4e2c618-df22-4b55-8126-522130d5da6f,0.0,0.0,0.0
420,d55a40ef-cec8-44f8-8e70-11d4097f798a,0.93720839715893,0.9025466251352161,0.8510822643828251
421,d5e7cb6b-47b6-46cb-bb17-d6bd9d1b1a28,0.6046136737724018,0.05016381385397165,0.048570480606605
422,d6bd202d-7f0a-45f5-9020-6941803d853f,0.9882416281276644,0.8431052585528043,0.8347316490018322
423,d7186eab-5571-42c0-bb42-7a906145fb7e,0.9999999884044529,0.04813332663574614,0.04813332663574614
424,d7cd5313-5d30-44ee-ba41-f20102b649b4,0.0,0.0,0.0
425,d8148e36-1436-4737-baab-36067020a028,0.4400294920406364,0.9763188237265086,0.4353825803020914
426,d886cf24-570d-4812-ab15-798d82d4163a,0.9838243414392649,0.901329404627784,0.8881673783091375
427,d8891d8a-1ac0-485d-9026-fcbf1b92d481,0.9254536272043351,0.9493303693599249,0.8818923506543285
428,d9dd6bf4-9326-4f8d-91c2-c672d59c0549,0.9300378543794845,0.8962441593410945,0.8396358965560414
429,da4f359b-76e0-4615-a53d-b3865e5ed4a7,0.700145574148609,0.8091474627332838,0.6009098720284917
430,db7f4964-db61-415f-9af5-b2b724ca688c,0.8694137055602655,0.8451416236748341,0.7499433516024415
431,dc2e8e52-5b33-437f-9d28-edfd5a6df514,0.9989536234126922,0.6957362620935154,0.6952296036262294
432,dca6dac7-38f2-465e-8533-88717a9ea185,0.9401422196964235,0.9420758065250034,0.8887667845736461
433,ddb67c02-23e7-4c9d-a7c3-8eba385342f9,0.969909725944802,0.3041996539610968,0.301355632888381
434,deb6e58a-5d1d-4c2d-93af-af103f4bf493,0.974026063048196,0.9610522742701969,0.9370378950852226
435,df471d27-772c-431a-b460-8a64b4a0580f,0.7685605518699102,0.8988110051154431,0.7073563493531505
436,df62ef5c-7070-4fe9-befd-2b33d0b946b4,0.98362894839884,0.8917248459234538,0.8786839086453228
437,e1164321-8929-45ec-876c-f68e7a8d66c4,0.8150146829265857,1.0,0.8150146831551814
438,e148c79a-d37f-47ad-bdb6-07511938c9b3,0.9140315703732197,0.6290749866168861,0.5939336603445929
439,e17b8f47-19e6-4925-9a51-013cf5a3094f,0.9454325493059598,0.9370615231252468,0.888981576482134
440,e1b8ab11-b3ab-4bbb-a8ee-c22fee4d50dd,0.9508026925632937,0.9114489605957182,0.8704
441,e1ba8b30-19d3-4a16-85ce-b8aef1a5b9bd,0.021023499657643475,0.034546034785383754,0.0132428051503196
442,e21c3591-3fd8-4a47-8b92-d736dcc975ed,0.603404411977513,0.9981761163801083,0.6027398611330282
443,e2eeca3c-07ea-4b46-b3fd-dbef6627e7e8,0.9540852941422406,0.7571572490658913,0.7305381362709834
444,e310563f-3e26-43a2-9ce2-ee0965bff8b4,0.9464449828181793,0.8667977004907053,0.8262706619947334
445,e3133fc0-c323-4ebc-b052-cdb75dfa0eb5,0.0,0.0,0.0
446,e3c03fb3-b89c-4d52-9c96-285e6cffe603,0.9614259315504002,0.797996461531105,0.773239651041184
447,e4153983-a619-4767-95ec-357c2450c0d5,0.9518484903565425,0.7716491186560984,0.7426589101777232
448,e52f3283-de16-4393-801d-a16e4697b601,0.90400156849507,0.7955601131039104,0.7335848597334631
449,e5ada9a5-d7ff-47f1-b24a-a484e50bffa5,0.9574972870608813,0.8469984515567613,0.816307149640483
450,e5f07d5d-dcaa-4063-96fa-59f603dabbd8,0.9997562003333336,0.5827139024315976,0.5826311106901346
451,e6a20b2e-92a4-4095-b60c-973e6766d965,0.7553544018447702,0.8851286295167541,0.6879182179124046
452,e6ef2dea-c60a-48f1-a6cc-00e0332bf4fd,0.9705627151141184,0.9174434406748205,0.8926056440574308
453,e818e17c-228a-4ce6-90cd-ca7610f1fe64,0.9954430213629437,0.4652620873928457,0.4642732342452311
454,e884d5e4-0713-4fa9-94a1-61fb0e83a9ba,0.9426049407376412,0.9753093981373061,0.9206361082581163
455,e97634dd-b44f-424c-b757-6151d969f8fc,0.9999999988001967,0.7769108873974646,0.7769108873974646
456,e99852e0-7fef-42cf-89a1-172884dcbbda,0.9999999989868903,0.4587093716017139,0.4587093716017139
457,ea8db9fc-34d2-4607-8817-b12fc0e424c8,0.9790721818885805,0.9033158629408201,0.8862045688705723
458,eb1a33f9-93b6-493a-859b-17df84b3fa4c,0.5094502294213981,1.0,0.50945022957029
459,eb327843-ebce-4576-813f-c545a25c1906,0.9899269576174768,0.5611154611029886,0.5579298750869843
460,eb7b2af3-a301-4eb1-9a20-cf0cb89ced00,0.9184627486143683,0.8570863729779755,0.7964831526457109
461,ebb0a6cc-bb2a-491a-bfa3-086bcbe00cc1,0.9839829754604202,0.9329757377484763,0.9190188364427505
462,ebdd6275-66e2-429c-8534-8018163201cc,0.9528833927433699,0.4276481081939346,0.41879247422963295
463,ec83565b-1b23-4f49-b5f6-409d8ca5b374,0.0,0.0,0.0
464,ec85d878-96d0-4a91-8495-6590a82defa8,0.8139536909083973,0.783893124960615,0.664780804104245
465,ece78d08-e475-49a0-b9b9-978d00a8dc62,0.8968805384810427,0.6769372762529833,0.6280549248567413
466,ee7e5d65-ec0c-4a12-ab83-7eb97fcc53fb,0.8467456724824132,0.7812734489159195,0.6844843693233915
467,ee88665a-d3a0-4845-b229-84ecf7774df8,0.9292647420697812,0.9698505654987976,0.9031740702226771
468,ef68de0a-92f4-484e-9deb-41dde16c393d,0.9881511685081507,0.43282780477947824,0.4305930275617627
469,efa81ef3-47d7-49b4-86f3-a6cc93e06f17,0.0,0.0,0.0
470,efb6e573-67a2-45b6-85fd-d0dc5b82bd4f,0.9828636384587612,0.7691329935301819,0.758955448524985
471,efd3d5b7-624b-49cc-b5f2-486556787fb2,0.9824942376530119,0.7438376083289711,0.7341081385158794
472,f08c522a-4741-4bb7-b877-bbfb5dd2661f,0.9124759559332491,0.9886240044315042,0.9029947213678167
473,f08ee7e8-81b9-47e7-9975-f5ff11af4b09,0.9999999987299975,0.31227815520311564,0.31227815520311564
474,f09b9b5e-823a-4ff9-8c22-2a1a70a4a6ed,0.9916925194692272,0.9180355903389029,0.9110293640533674
475,f0d9153d-6497-4a70-98b8-882c5972eca2,0.9803475426258719,0.49410030118077986,0.4892542664742265
476,f115a983-e6d6-4e24-93f3-63b8a22f4113,0.6377484441261473,0.9801511605126672,0.6296169959099865
477,f155888c-4eb6-4cfe-8ad7-3441d2284142,0.627028440256928,0.7054773359226729,0.49694281509731175
478,f1d6e617-8f87-4a47-8ed0-9e7199e8e127,0.9794121508691508,0.2635235024847265,0.26207177525064657
479,f344345b-4242-4284-9e8a-b478394981c1,0.9535855600976072,0.9233930644628835,0.8836763526129336
480,f3767881-804e-49da-8465-e1cbb9a578d9,0.8519645010846935,0.7850591678113455,0.690823776722536
481,f390f115-f518-4965-aae0-48404771f794,0.9979651201348008,0.9451685377818696,0.943350488422886
482,f43968c6-09e6-44f8-91ac-986c6236ffcb,0.9665419242173949,0.8030595400514069,0.7813391514795937
483,f4dc7801-0d73-4e47-9e17-b8266a5a387e,0.9546683382837541,0.8618494454288902,0.8279655907537957
484,f70430e5-b1cf-4b7d-a003-3d02bae9268c,0.0,0.0,0.0
485,f726c27b-2a09-422d-9352-53256e1297df,0.9302628379051655,0.6152262163911278,0.5881026637353648
486,f84a90b7-8af4-48d2-8668-b31834051346,0.9800390494605415,0.8788035016089408,0.8633503635492193
487,f863c9f1-564a-473a-a419-c0d0a9519ff9,0.0,0.0,0.0
488,fbaa2d36-0e20-4f89-9d48-07e6f9188d39,0.5513537377599047,1.0,0.5513537379200567
489,fbf4eb8e-443a-472c-8f6d-20084ddb0ec8,0.0,0.0,0.0
490,fc00313a-17e0-46ad-8e4d-a1a5b5f7dd3e,0.9767992705242203,0.9948940016734971,0.9719268726357116
491,fc3a059d-1baa-40bb-9153-cb98f1c08b46,0.9957175865335649,0.8013399796323096,0.7985877049136545
492,fc7245a4-9e1a-498e-9252-0ea2d627c4c7,0.9965687437164382,0.9156604412345539,0.9127827266910871
493,fc8b964c-e47f-4cc2-bc4c-e74b8a4df17d,0.9426339447386921,0.8391911129781325,0.798415388714548
494,fc9d43d0-2295-4a9d-8a69-5bf3ac9f9565,0.426272903741896,0.010015791740441211,0.009882570696029502
495,fcb86d14-3865-4a37-b9d3-aecc6cda4dc6,0.9559281446053518,0.6224513700400672,0.6050869884447306
496,fd96d19a-ddb4-442c-bd2d-b1ee3cacdf0f,0.946250079249341,0.8136453599179005,0.7777018742336661
497,fdc7ddba-978f-4536-8a5b-52886cce6133,0.9916393748421188,0.9359972810254419,0.9286686920720154
498,fe8bae9b-e673-4d14-8c0b-094aec3305a7,0.9748593304751224,0.6258581591127955,0.615917091023435
499,feae4e03-0901-4248-89c7-2bb06461cd00,0.7319375292367972,0.9974464762427325,0.7305685866868639
